27	9
3314	6
5625	26
8393	7
8514	9
14507	4
18294	22
19438	1
20724	26
21692	3
25545	2
26554	2
35649	6
36502	5
42376	1
44462	1
47087	6
47476	2
49515	53
54084	83
65252	14
65646	2
65830	5
65832	5
65870	8
65923	3
72690	1
84009	1
85953	3
86149	1
95456	4
95712	9
100695	3
101248	3
107202	2
107872	2
108050	7
108110	4
108125	6
108278	126
108289	10
112633	22
117358	14
117646	14
119854	1
123235	3
123299	12
128476	1
129295	2
130013	82
133684	7
138635	1
142609	1
143131	1
143580	9
145744	13
150294	3
152179	2
153204	35
155815	1
156018	8
157985	1
158617	2
160994	1
167174	4
168370	18
171777	1
172153	3
175623	7
184366	7
184460	3
188759	21
192904	28
203666	1
205402	2
205403	8
205414	1
205423	4
206084	1
206317	6
206368	2
206387	3
206412	10
206424	5
206427	1
206444	33
211588	6
211666	5
212862	9
220164	6
228094	4
229070	2
232390	69
233792	1
237159	3
237904	4
238492	1
238972	25
238983	23
238986	12
245541	14
247278	435
247909	1
248523	2
253476	70
255478	5
256164	1
258750	3
261943	4
263379	1
265995	1
271714	4
272173	1
273602	1
274782	3
279553	11
285304	5
285722	3
286066	4
291137	1
297058	11
299271	5
299862	5
301742	2
302322	16
308770	2
309009	3
310611	1
312262	1
313419	2
316712	7
317045	101
317757	3
317887	3
317888	3
318103	5
321278	28
322018	2
324747	5
328597	60
330275	2
332545	10
345280	36
345337	4
347655	4
349241	3
353561	1
353685	1
355634	7
356066	7
356756	1
361310	10
366441	5
374927	3
375152	3
385586	100
387520	4
388113	3
390217	61
393047	8
393344	1
401025	6
408338	1
419555	1
437011	2
441269	2
441543	3
447036	4
447184	12
448045	4
454214	3
454263	16
455600	4
455831	48
456930	13
458058	6
460078	6
461209	31
462292	6
465681	2
467471	4
471732	1
474633	4
476179	12
478584	11
478996	5
481872	9
483659	5
485108	4
486298	7
487492	41
488514	24
489645	8
498850	2
500795	40
502760	2
507123	17
507569	6
507610	1
507775	20
508845	3
509028	2
509575	1
512295	5
512298	4
512679	2
514380	1
517990	1
519832	6
521583	19
524820	1
526028	6
527644	1
529502	12
537699	6
538746	4
541983	6
557980	1
569041	6
570570	12
571770	3
574877	1
576201	3
578384	1
578839	5
579738	4
579842	11
581356	12
596892	2
597879	4
597887	4
599695	1
602890	5
606956	1
610415	39
611921	5
612230	1
614070	5
615096	3
615969	2
618492	2
622127	30
631615	4
632112	1
639921	2
640534	1
641512	1
641525	2
641729	2
644423	11
648332	3
648414	2
652386	3
655492	8
656494	97
656720	1
658518	3
664301	5
664335	17
666566	15
666888	2
667006	3
669174	1
671825	39
672715	7
677781	9
684382	3
686868	3
688352	2
688366	9
689344	2
690903	5
692528	6
697520	3
698041	3
701765	2
702550	2
705634	3
711079	2
712530	1
714074	61
715366	22
715547	3
715605	12
721054	1
724020	1
724712	7
728994	7
729744	25
732593	20
733019	1
733153	7
734934	6
738250	2
744916	54
745749	3
745778	14
747698	1
748030	2
748738	20
749137	5
753784	1
755200	9
756856	1
757363	7
760165	2
762119	22
764708	5
771016	3
779996	1
780341	6
781544	12
790019	8
790031	4
790359	14
790938	19
791299	87
791477	3
791522	50
791611	17
791640	16
792833	2
800441	27
800928	5
805461	2
806201	2
810796	2
812393	1
816197	3
819907	4
820900	18
825741	3
827590	3
827722	2
832676	4
833839	1
835507	4
835535	1
841835	11
842037	6
843222	2
843358	28
847885	8
847957	11
858127	2
862601	1
864806	1
865250	7
867564	8
869096	5
869754	3
871311	3
873328	13
879116	1
880770	5
885517	1
885616	40
886774	3
888060	4
888427	2
890377	4
892275	28
901025	20
901277	8
901662	32
904641	7
907410	6
908607	3
910744	3
910752	13
910757	4
911765	8
911980	36
914985	4
915844	1
919161	2
924551	18
926231	1
926544	3
927442	7
929845	2
930224	8
930571	4
931033	9
931039	6
931135	24
931255	5
940538	5
942613	20
942931	11
943149	3
948661	3
949129	13
952189	2
956827	5
957012	1
959908	5
960233	7
961036	3
961733	11
962564	4
964174	41
966583	1
968839	5
976994	1
979480	2
980970	7
984345	1
984742	2
990281	3
993110	1
1006445	19
1019473	3
1020639	12
1028340	13
1031235	27
1039520	2
1049088	13
1049095	17
1050944	4
1053270	1
1053964	12
1056713	48
1059929	6
1062897	1
1064563	45
1067525	2
1068018	20
1069569	2
1071489	5
1076898	1
1081665	20
1084114	12
1085124	10
1086798	10
1090311	6
1093060	4
1093228	7
1095228	3
1095380	3
1099265	3
1103607	9
1105519	5
1125389	70
1125630	1
1128600	71
1129337	1
1135454	3
1138583	14
1147463	63
1148753	6
1151051	12
1172597	11
1175581	2
1181927	4
1181972	3
1185279	2
1194211	11
1197206	4
1200050	3
1204214	4
1204412	5
1206024	18
1208360	2
1210071	128
1213225	2
1217614	1
1219740	2
1222504	214
1222592	2
1223855	5
1234714	4
1235485	2
1235740	1
1237874	43
1240382	1
1241677	1
1254497	1
1257070	4
1257080	2
1257084	3
1257087	2
1258570	4
1264336	2
1272129	2
1272666	1
1275771	44
1278128	22
1279434	2
1280180	3
1281265	1
1283503	1
1286397	2
1287028	19
1287727	12
1287859	5
1288626	1
1291410	7
1299359	11
1300564	37
1301584	3
1304738	1
1305114	9
1314300	12
1314319	3
1317787	6
1318892	7
1322284	2
1322330	44
1322545	5
1325546	138
1325549	9
1325649	1
1326671	5
1330256	33
1333343	71
1334821	4
1334924	1
1338040	2
1338813	2
1339922	2
1342470	9
1342620	1
1346783	10
1349775	6
1352520	24
1357796	8
1358940	1
1362490	2
1365306	5
1370858	1
1374101	2
1374129	2
1377037	4
1377159	5
1377239	7
1380117	57
1381673	5
1383170	16
1385122	2
1385890	2
1388245	1
1390248	5
1391100	17
1404690	3
1409811	2
1413319	2
1415168	47
1415827	9
1418150	7
1419138	8
1420053	6
1423099	7
1424470	2
1425437	4
1428040	1
1430051	3
1431547	4
1434550	53
1438007	3
1439473	20
1439738	12
1440092	81
1440272	10
1441721	1
1446467	2
1446500	1
1449773	6
1450115	3
1451352	5
1460385	3
1461609	101
1462077	36
1463490	9
1464380	1
1464595	10
1465033	2
1477472	2
1483572	75
1490568	1
1509011	7
1510809	1
1512901	5
1514950	56
1517414	31
1524644	1
1524684	33
1529160	12
1530481	3
1533568	8
1536544	14
1548202	149
1553753	18
1553758	91
1555094	4
1560597	8
1563281	5
1569073	3
1570020	39
1571820	2
1572659	2
1574212	2
1576831	5
1579990	3
1580036	12
1580851	1
1581769	18
1584339	4
1593053	1
1593140	21
1596580	1
1597789	4
1599151	20
1602660	124
1604375	2
1606074	8
1607357	2
1610564	2
1613176	4
1614137	33
1614410	8
1616402	2
1616665	26
1619457	3
1622872	33
1625491	1
1625986	3
1626780	3
1630922	3
1644196	212
1644676	6
1653882	5
1660918	1
1661758	8
1663468	2
1663890	65
1666784	3
1666821	2
1671811	9
1672543	29
1674792	3
1675632	38
1677407	11
1686613	7
1687351	8
1689448	5
1690480	3
1690517	11
1691187	16
1698809	7
1701384	1
1701968	9
1711467	1
1723986	4
1725199	11
1738725	40
1740040	2
1740059	1
1745807	4
1751775	63
1756711	5
1760792	1
1761476	22
1764646	2
1768238	2
1775980	10
1779181	2
1786560	40
1787757	4
1790564	21
1801829	25
1803961	4
1807581	4
1811965	2
1825913	22
1826128	6
1828795	9
1835758	1
1836229	2
1836255	1
1841284	8
1844251	11
1847706	5
1854188	1
1858510	2
1859479	10
1859793	61
1860560	2
1861458	2
1863329	2
1864099	23
1864151	26
1864194	3
1864226	31
1864233	3
1864363	1
1872106	3
1873841	7
1873881	4
1885237	1
1888891	1
1890900	1
1897370	1
1903522	15
1904156	1
1911523	25
1918677	9
1920851	9
1920949	3
1921247	88
1921504	2
1922169	14
1922200	33
1922374	6
1923779	14
1923800	10
1924147	1
1924458	13
1925095	37
1925148	8
1925520	1
1925655	2
1925908	2
1926534	2
1926698	34
1938370	2
1939769	18
1942549	28
1946622	35
1957456	7
1959076	5
1966390	14
1971451	9
1975671	3
1979797	2
1981746	22
1981821	39
1984460	10
1985358	122
1987576	17
1994469	11
1996077	12
1997671	35
1999692	4
2001025	6
2003641	6
2006302	1
2006495	19
2006876	6
2012231	14
2014929	3
2019791	9
2028724	3
2029185	8
2030681	10
2031428	6
2031640	1
2034023	1
2034526	23
2034867	39
2040856	7
2044033	37
2045207	13
2046192	2
2048269	5
2050163	4
2051452	2
2052629	7
2055965	3
2056634	37
2060910	1
2067253	12
2070482	1
2073049	26
2080922	3
2081118	1
2081289	5
2090899	5
2090979	4
2092983	3
2094401	1
2095004	6
2100564	9
2101031	3
2108481	2
2109786	4
2113067	13
2113510	1
2126244	31
2133437	1
2138392	21
2141186	1
2142250	27
2142685	70
2147447	3
2149695	34
2155157	4
2156455	3
2156559	1
2158534	1
2158982	61
2161031	2
2163263	4
2164979	15
2165383	4
2166420	3
2168780	1
2174666	4
2179920	16
2180048	3
2180736	14
2181257	5
2183193	2
2185934	4
2193032	4
2196186	2
2200856	5
2203645	50
2207789	2
2209077	3
2211243	1
2212385	12
2228226	3
2232731	11
2233998	2
2234102	2
2234863	24
2236146	9
2236615	29
2253830	5
2255296	34
2255947	3
2262874	19
2263742	2
2267558	1
2269868	3
2272939	1
2275553	36
2278445	27
2283713	3
2287140	1
2293158	7
2296970	2
2301574	2
2302803	9
2303178	18
2304420	8
2304599	8
2304783	23
2304962	2
2309696	2
2310495	193
2317369	13
2319498	2
2325298	1
2325416	13
2328181	33
2331534	25
2338086	3
2339555	5
2340549	3
2341302	2
2342080	2
2349728	2
2350412	3
2352744	7
2354240	20
2356406	1
2357747	40
2357859	31
2360755	20
2363097	20
2363832	2
2365549	1
2367681	1
2370458	4
2373365	4
2377477	4
2381732	61
2382336	15
2386778	1
2387090	45
2389172	4
2389274	3
2395672	3
2400289	6
2400847	2
2401217	31
2410676	4
2416064	136
2418592	28
2421610	1
2423057	29
2424229	13
2425199	9
2436255	30
2442457	4
2445970	194
2446718	4
2452759	16
2452879	12
2459172	26
2461945	6
2464156	10
2464908	4
2465723	26
2466955	9
2468290	6
2476162	3
2478263	1
2479886	3
2480286	9
2481963	23
2488436	8
2489216	3
2490468	14
2491877	7
2493904	1
2500088	6
2504560	3
2505756	16
2505791	1
2508083	23
2508768	6
2510503	4
2513151	76
2516243	10
2517120	1
2521861	6
2524488	5
2525042	10
2526173	60
2527828	2
2528254	5
2528259	5
2528278	5
2532922	1
2536145	13
2541704	2
2543687	1
2546562	15
2556327	27
2558636	33
2560988	3
2565137	1
2567844	4
2573058	2
2577235	1
2578543	1
2579314	2
2584777	23
2594116	330
2594187	12
2598605	25
2602741	1
2606211	8
2615451	2
2627116	2
2629302	9
2636759	1
2643878	20
2649031	3
2649214	21
2651887	141
2651948	5
2656556	7
2665040	6
2665166	4
2665618	10
2666605	2
2671513	2
2674774	18
2675949	5
2677676	1
2679325	21
2681994	4
2685841	15
2686502	1
2686767	35
2688907	3
2695844	1
2696306	11
2697139	2
2698821	18
2699935	3
2701888	2
2709026	2
2709641	2
2715933	4
2717549	2
2721373	1
2722709	5
2723178	7
2724167	15
2731301	97
2734482	4
2742622	24
2750721	30
2751199	6
2751440	37
2752170	2
2752522	5
2756223	13
2766100	9
2776635	6
2780345	20
2782691	3
2784782	5
2788503	6
2790220	4
2793788	5
2802565	7
2809086	13
2810292	1
2812668	32
2819705	66
2822954	1
2824643	2
2827177	10
2828239	1
2833537	4
2835111	2
2838735	5
2847387	1
2854337	4
2857373	2
2866041	1
2867982	115
2868327	6
2870911	3
2874972	3
2875825	19
2880469	8
2881111	2
2882118	14
2883574	6
2884111	2
2885436	5
2888818	4
2889230	2
2889328	7
2890621	14
2892177	1
2895869	6
2898846	11
2902104	34
2907031	2
2909429	3
2911292	3
2913389	3
2918806	1
2923105	1
2928944	3
2931111	3
2932773	45
2933469	30
2934254	7
2935735	44
2940635	31
2944302	98
2948949	35
2950981	4
2965621	6
2966241	113
2967233	21
2968000	2
2972696	2
2974730	9
2975643	8
2983241	79
2986762	21
2987495	15
2988101	72
2990192	17
2995118	18
2997204	11
3006066	4
3006455	8
3007569	23
3010630	2
3016562	29
3016640	5
3018212	2
3019537	3
3021325	1
3022687	6
3028364	1
3030065	4
3034889	7
3035586	4
3038446	1
3038937	3
3039183	1
3039703	1
3040675	3
3041962	13
3055234	3
3070367	1
3070373	1
3073296	2
3077654	4
3100121	3
3102131	6
3116751	4
3122202	1
3123604	8
3130403	9
3135721	3
3139032	6
3145660	4
3146558	35
3147354	14
3149845	1
3149948	28
3156820	12
3161786	8
3167000	2
3180598	3
3180628	3
3180673	2
3192691	20
3193843	14
3195124	3
3198415	3
3199002	5
3200859	4
3204437	3
3205485	20
3207878	14
3208640	5
3208991	33
3211201	1
3214406	39
3217621	18
3224614	3
3228363	53
3228505	125
3234987	2
3238243	1
3239063	2
3244697	1
3245790	4
3250728	15
3252777	3
3254877	4
3257475	1
3272632	56
3276945	1
3287301	4
3287353	4
3287453	3
3287516	2
3291848	3
3299208	1
3301400	3
3302872	34
3305384	3
3305584	10
3308958	5
3311711	1
3316237	19
3319769	1
3326050	22
3328290	1
3330745	7
3333998	2
3336925	25
3343704	10
3346849	5
3348394	13
3351871	2
3376848	2
3382195	56
3386088	1
3388498	93
3390243	28
3392244	11
3393127	8
3395179	28
3400393	1
3407135	3
3422304	25
3429490	4
3431193	9
3432266	249
3437484	2
3444030	13
3447593	2
3449791	1
3451238	1
3452904	2
3455070	5
3456407	3
3462772	49
3463903	6
3466769	2
3470471	5
3472187	1
3473767	3
3476845	1
3477982	8
3477984	1
3480666	6
3482893	3
3483205	2
3483944	7
3485822	3
3499610	11
3507455	10
3510804	12
3524851	1
3532660	2
3543548	3
3548254	8
3557314	16
3559019	1
3569633	1
3570951	1
3577919	2
3582763	10
3591964	31
3595658	45
3597279	3
3602598	1
3606624	30
3606738	70
3610323	6
3615238	1
3616611	1
3618133	20
3618686	2
3620194	3
3623050	1
3626403	94
3626679	2
3629537	1
3631697	4
3633660	1
3634196	11
3638964	6
3640368	32
3643206	62
3646562	1
3652623	1
3655926	6
3657930	3
3659275	2
3661343	11
3662176	3
3662703	3
3662905	13
3669065	13
3671342	50
3671479	1
3671909	2
3673976	11
3678731	3
3692188	24
3709486	31
3717775	11
3718022	27
3720868	4
3721224	1
3723999	5
3727706	5
3728161	6
3729629	28
3730529	2
3743376	5
3744545	2
3745077	1
3750921	4
3757512	2
3758878	3
3766330	12
3766706	4
3768868	1
3769702	9
3783584	2
3784908	13
3785670	6
3786237	11
3789101	33
3789747	31
3791835	7
3792113	2
3797741	2
3803067	7
3807746	1
3807749	2
3809620	6
3834332	59
3834571	1
3843585	35
3844046	5
3849109	1
3853423	11
3867127	36
3870624	6
3875528	2
3875901	3
3880513	15
3884981	1
3886414	70
3900128	7
3910314	15
3910945	80
3913468	24
3915777	20
3918508	3
3925242	1
3927415	14
3928902	25
3938684	26
3955647	5
3956406	3
3961425	36
3975322	2
3984066	1
3987025	1
3989388	16
3993627	2
3999538	31
4000279	1
4003232	4
4003238	51
4003290	37
4003303	27
4007018	3
4015965	4
4021475	5
4022719	4
4025121	56
4037197	3
4038469	22
4038949	1
4039952	5
4044891	93
4046291	29
4055362	1
4056288	48
4059172	1
4060891	52
4072305	3
4073516	1
4078698	21
4081150	6
4084908	63
4084995	4
4085998	4
4090287	1
4095287	1
4097634	2
4106792	2
4109488	1
4118920	4
4125402	32
4126171	3
4126238	23
4127088	2
4128353	1
4135058	7
4136024	1
4137249	7
4147239	78
4157924	1
4158448	2
4164482	5
4184894	26
4186141	3
4193432	6
4205862	2
4208139	7
4213386	33
4224042	5
4228254	30
4228314	9
4237289	7
4238977	6
4239408	5
4248640	3
4253774	1
4254338	3
4255677	25
4257922	2
4259466	2
4270061	29
4272561	21
4279682	4
4284689	18
4285537	17
4297273	1
4302671	13
4303154	10
4309314	1
4327751	2
4331833	90
4335519	10
4335576	2
4335832	2
4337337	22
4339773	6
4341964	7
4344257	6
4356892	2
4357484	43
4359038	5
4360334	35
4361779	11
4370755	408
4373521	8
4374825	2
4380969	4
4387088	5
4387547	15
4392591	14
4393940	4
4400676	11
4407129	3
4407774	2
4410456	34
4423334	4
4423775	1
4423776	2
4434126	12
4434819	159
4438616	17
4447023	110
4454793	3
4455628	92
4462204	32
4465750	6
4471160	6
4473517	3
4475362	3
4475999	11
4499907	4
4508653	1
4508687	12
4514536	5
4521463	73
4521794	11
4524181	1
4525910	4
4526816	12
4526900	11
4530345	10
4530750	12
4533258	13
4533720	26
4535077	3
4537276	24
4537508	5
4537775	1
4537830	1
4542716	7
4565995	3
4568238	3
4576131	3
4576305	2
4578344	1
4578898	29
4582845	31
4585500	2
4586516	43
4587149	33
4588705	1
4589555	9
4591214	16
4597760	5
4597815	6
4598984	1
4599128	2
4604245	3
4610231	7
4614726	30
4616337	24
4618168	3
4624974	2
4630534	36
4639390	1
4649599	2
4661744	4
4663237	7
4663744	78
4665416	13
4665479	1
4672472	40
4679626	20
4693087	22
4693675	2
4694540	1
4704710	11
4709255	33
4712548	26
4719704	49
4723248	3
4729944	10
4741172	15
4743255	26
4752317	26
4758330	1
4766638	5
4775544	3
4775746	2
4776767	2
4780086	5
4780232	6
4787136	4
4787500	2
4793392	1
4802269	28
4812728	2
4813239	2
4814354	1
4815490	1
4816474	1
4853645	1
4853649	1
4857740	5
4858466	16
4864651	8
4867294	4
4867945	5
4869294	5
4871551	42
4877415	11
4879511	2
4883113	1
4883759	1
4885383	2
4890177	2
4909355	326
4917029	1
4924151	6
4930716	15
4935742	34
4943857	9
4961126	8
4977367	3
4978045	22
4979467	1
4989143	11
4989164	4
4989235	5
4989765	13
4994785	3
4998057	2
4999959	26
5022564	6
5093126	3
5096124	9
5101141	2
5103785	4
5108051	3
5108836	8
5132476	4
5132596	3
5133949	1
5140481	1
5143809	2
5150954	3
5152285	53
5152538	2
5152718	18
5153143	8
5164978	1
5171600	6
5178571	24
5179099	22
5183393	2
5186631	2
5187976	5
5197539	1
5198041	3
5207280	1
5224788	1
5225555	19
5232944	17
5234086	8
5238231	2
5239185	4
5241312	48
5244445	4
5245876	7
5245894	14
5248606	2
5250457	11
5250779	2
5252760	14
5253056	1
5254557	1
5259347	6
5263844	1
5270567	18
5274894	2
5296618	5
5298790	85
5312648	4
5314652	12
5320283	4
5331035	9
5346495	40
5349565	2
5351666	6
5352389	18
5367323	240
5372872	3
5373551	1
5380818	10
5383731	1
5384390	5
5389948	9
5390156	13
5390641	1
5398345	59
5403482	46
5409008	22
5410234	3
5426219	3
5427454	1
5429835	10
5431309	2
5438867	6
5441793	10
5446003	48
5453324	2
5453989	2
5455458	15
5457485	2
5467981	4
5476048	1
5482172	4
5483330	3
5483921	4
5497412	46
5510151	1
5527797	2
5532313	535
5532320	67
5533936	14
5541745	1
5545025	23
5550552	328
5550556	4
5550567	29
5550595	23
5550623	20
5556347	10
5561238	1
5567874	1
5569059	1
5598310	1
5612317	18
5614252	2
5618793	14
5629592	1
5634276	1
5663857	2
5670751	1
5674787	16
5682970	5
5683653	3
5691661	4
5694513	13
5698705	21
5705943	50
5706983	22
5710341	1
5710848	7
5718947	3
5719299	7
5720995	2
5729278	4
5731348	13
5736080	1
5741125	10
5743159	25
5750827	1
5780416	2
5782626	3
5792252	3
5793738	4
5793895	3
5801666	15
5803673	6
5808515	16
5811958	58
5816573	3
5830987	4
5842097	19
5844399	1
5844474	14
5845944	22
5848067	51
5850234	19
5853229	10
5855873	4
5856509	104
5862644	3
5874515	35
5875200	5
5885483	5
5888353	7
5896523	1
5904223	2
5909066	1
5913967	17
5923215	2
5928690	1
5937690	4
5940174	2
5952670	6
5953597	1
5955967	1
5962880	2
5970660	13
5972219	2
5973732	17
5973855	1
5973879	67
5974058	9
5979499	11
5987163	3
6008893	47
6009557	2
6009785	2
6011756	2
6019478	5
6019698	9
6025763	12
6031942	2
6032589	4
6039425	2
6039946	23
6041301	1
6041894	1
6047468	19
6058123	2
6058151	2
6058234	15
6064643	18
6066709	7
6078184	2
6078190	1
6080978	1
6082996	29
6083248	3
6084210	1
6092163	6
6093316	3
6094683	3
6097139	121
6098697	3
6106340	4
6106345	7
6126775	3
6138801	11
6140556	1
6147770	5
6148317	5
6150069	12
6153802	1
6153942	3
6154058	13
6154653	5
6158882	2
6186747	5
6190243	7
6190261	7
6190266	13
6190268	9
6198699	12
6201092	7
6210034	1
6223866	2
6228378	3
6228403	3
6234127	19
6235174	8
6240726	1
6246139	88
6248212	12
6248414	4
6248645	2
6250543	3
6251267	9
6257856	44
6267670	4
6269013	30
6274404	52
6275065	95
6279318	18
6280464	15
6282442	2
6287585	4
6293402	3
6296742	4
6296790	2
6296814	2
6297520	44
6298444	1
6308277	2
6308288	3
6309729	8
6318086	2
6319157	3
6322699	2
6325420	10
6326372	24
6328806	2
6331139	4
6337271	19
6340228	5
6349023	12
6351071	16
6351407	19
6358188	14
6363040	1
6364653	1
6365284	1
6365343	4
6370012	1
6376337	7
6383869	2
6384356	5
6394704	9
6402099	29
6403019	6
6404963	1
6405172	41
6408204	4
6410069	28
6412527	11
6426016	1
6427813	3
6428619	1
6429859	28
6433838	4
6435042	10
6437150	5
6438280	12
6439786	1
6439865	2
6444116	2
6451846	5
6452529	98
6455642	2
6470655	5
6470657	12
6471233	2
6474045	4
6474647	32
6479730	7
6486826	11
6487031	30
6488049	1
6495081	21
6495082	2
6495204	2
6495465	13
6495859	11
6495879	9
6498492	8
6502093	1
6505090	3
6505724	4
6506651	6
6512548	36
6520784	3
6523023	4
6543378	13
6547155	4
6547965	1
6552051	22
6552612	22
6556815	68
6558697	39
6567216	11
6568554	4
6578551	30
6581870	1
6589168	2
6604361	4
6612520	16
6617651	5
6621471	2
6637851	5
6642735	4
6645850	33
6645958	1
6650539	6
6652220	42
6656911	9
6660536	46
6666980	32
6667084	5
6670942	3
6676523	8
6679556	12
6687936	4
6697600	4
6698407	12
6707453	2
6709682	3
6719841	1
6723399	52
6727151	1
6730452	9
6742077	4
6745533	3
6749378	5
6762867	1
6762869	13
6763576	2
6763587	6
6765281	48
6766558	2
6768710	3
6770930	75
6774018	2
6780767	2
6786166	4
6787544	5
6799148	9
6804707	26
6806252	66
6815085	47
6815666	5
6830307	73
6830846	19
6835366	2
6838921	101
6841181	3
6855801	10
6857360	2
6857384	13
6872992	9
6877175	3
6882427	35
6884056	20
6884828	13
6885644	14
6887813	3
6888625	1
6899875	21
6900541	8
6902326	23
6902698	12
6908992	8
6929734	4
6934395	7
6935442	5
6938835	10
6942323	13
6946079	8
6946296	1
6966619	2
6968490	1
6970004	4
6981258	1
6982635	12
6987237	34
6999340	1
7003316	3
7005293	3
7018954	4
7025013	3
7026531	3
7032323	18
7035651	3
7039626	5
7040101	14
7045549	137
7053637	1
7056202	3
7056687	13
7058562	66
7060712	20
7068587	3
7078527	8
7083240	15
7083414	1
7095300	26
7100405	15
7120249	49
7120990	1
7122594	3
7133153	1
7134007	1
7134260	23
7141465	1
7162694	1
7166369	3
7167597	4
7170176	17
7176141	3
7177096	1
7177269	3
7190749	4
7190986	1
7191565	5
7193045	1
7202769	5
7204315	3
7204934	5
7209075	5
7212645	5
7212717	4
7228264	2
7229063	7
7238422	4
7241039	5
7243943	3
7251076	127
7251195	24
7252233	104
7254810	1
7257740	14
7261231	12
7262203	9
7276954	12
7281853	1
7283919	20
7300454	1
7349289	67
7363211	6
7367878	1
7370241	1
7372528	3
7374322	2
7378757	1
7380066	2
7383074	2
7385331	58
7386799	9
7388628	1
7391261	1
7394347	1
7408108	2
7411076	70
7413451	12
7416546	2
7420937	8
7426399	3
7426402	4
7430030	16
7437073	7
7445517	1
7448936	14
7454197	1
7455475	3
7457728	15
7473403	51
7477459	69
7480345	2
7496174	14
7497749	1
7506968	5
7508411	3
7512098	4
7512484	5
7514970	1
7517166	3
7527552	1
7528679	9
7530570	8
7537577	22
7543898	1
7544769	2
7546847	4
7548986	4
7550637	4
7551306	5
7551429	10
7552492	1
7560589	1
7565594	2
7569578	9
7588969	1
7590021	4
7590028	2
7600409	1
7606744	1
7613257	2
7621309	1
7626736	7
7628687	16
7634677	7
7639232	2
7643887	13
7653178	34
7667624	78
7672454	1
7677845	7
7691631	3
7693799	4
7700081	10
7700636	1
7710647	4
7711472	3
7715820	2
7716869	49
7716883	4
7731254	9
7731339	12
7741856	6
7742825	2
7748336	5
7756449	3
7760890	2
7763363	1
7763529	3
7767733	36
7777650	4
7784091	8
7785050	2
7786818	1
7796036	58
7796068	142
7802677	3
7804562	2
7804910	12
7805516	1
7805522	1
7805529	1
7807399	1
7823385	22
7827081	7
7828354	1
7828683	2
7830124	4
7833168	3
7844340	1
7885934	2
7891564	6
7893220	48
7895524	3
7901696	14
7909342	11
7910045	2
7913085	10
7913469	11
7915145	32
7918325	3
7941882	1
7948548	27
7953576	3
7959652	30
7959865	15
7960131	11
7963570	1
7963603	2
7964711	2
7983964	3
7990116	6
7992797	20
7994556	2
8010626	18
8011618	4
8013225	1
8013229	1
8013536	39
8016431	8
8018179	2
8033939	41
8043756	44
8046076	17
8048400	12
8049051	12
8049897	1
8050444	27
8054343	1
8059194	1
8061086	1
8061733	15
8067787	1
8069196	5
8069286	14
8071542	2
8077402	4
8077957	11
8085749	3
8100172	45
8100370	2
8105769	38
8122790	2
8135462	3
8138568	2
8139882	5
8141162	13
8143458	10
8162615	1
8165801	1
8170076	1
8179702	5
8183570	9
8189762	7
8195265	1
8198511	3
8224923	5
8230809	3
8231332	2
8231466	2
8238693	2
8257106	2
8258806	9
8262097	1
8262104	1
8262178	3
8266573	23
8270972	4
8271291	2
8272315	2
8276387	10
8279644	11
8279795	21
8290123	11
8292625	3
8292791	20
8295205	18
8295531	21
8309253	8
8315086	8
8328240	2
8331069	7
8347276	12
8349595	18
8355887	8
8357227	1
8366208	19
8381041	30
8398194	1
8399379	18
8405629	2
8406138	1
8411137	1
8415631	1
8419933	22
8421800	2
8424040	6
8436519	1
8451893	7
8452115	11
8453583	135
8458155	26
8463294	124
8466379	3
8466436	5
8469202	2
8469395	7
8471572	3
8475218	15
8479951	9
8484604	67
8488820	7
8488891	10
8490349	32
8490984	30
8495499	6
8497919	12
8508587	5
8510611	1
8513618	19
8521842	2
8538889	14
8539874	1
8540039	2
8543344	21
8545220	1
8551488	8
8553857	6
8556864	4
8567814	44
8569918	18
8570875	4
8575137	2
8589420	33
8590623	1
8594752	7
8595323	2
8604178	2
8604367	73
8608254	2
8609125	4
8616799	11
8624041	1
8627760	17
8629417	46
8635901	1
8636336	2
8636532	4
8650521	26
8651750	7
8660284	37
8662641	2
8664152	15
8670892	1
8681349	10
8685799	54
8701184	1
8709187	1
8710734	6
8711353	27
8720130	8
8723586	5
8737525	1
8750617	1
8757552	12
8759937	5
8764368	10
8768406	4
8779606	2
8802560	20
8808549	1
8815876	2
8831556	3
8837935	3
8843683	6
8859285	150
8859405	1
8859531	101
8863081	3
8865337	1
8867721	1
8869463	2
8877030	65
8880675	2
8881628	45
8890632	6
8891184	9
8896307	41
8921879	4
8926250	1
8933498	2
8935948	1
8936874	2
8957264	16
8962829	14
8966356	40
8969224	8
8971938	10
8972654	1
8973396	1
8986217	1
8989842	1
9036469	11
9037631	2
9043012	1
9043124	1
9043150	28
9056142	12
9060347	4
9064487	10
9066347	5
9074774	2
9076111	2
9082091	18
9082212	12
9088826	6
9103211	6
9113580	9
9120498	1
9123595	1
9131292	2
9136748	2
9171664	2
9173686	27
9185792	3
9185941	26
9193949	10
9207280	7
9209369	3
9214660	3
9214768	4
9224525	18
9240204	3
9243402	4
9250933	31
9251720	41
9252013	1
9252268	1
9252533	26
9264454	48
9265076	65
9265294	1
9278135	18
9279386	1
9280589	2
9283927	8
9286853	1
9289343	8
9290699	8
9292592	3
9303582	13
9304637	78
9306568	149
9307757	4
9308581	46
9309093	8
9316062	22
9317463	1
9318794	7
9325315	18
9329559	1
9329764	9
9331079	3
9332221	8
9334267	65
9334445	118
9340574	5
9342529	231
9345383	7
9347795	11
9349347	7
9349840	2
9350746	5
9356709	34
9359429	5
9365475	2
9368729	6
9376434	28
9376661	1
9376753	15
9377198	74
9384267	40
9392176	4
9393759	1
9394379	1
9395761	5
9395939	13
9399334	3
9405122	2
9406464	1
9412941	1
9418501	24
9432220	4
9443209	39
9446651	6
9451481	18
9452427	37
9453410	5
9453798	62
9458484	39
9467250	2
9467421	6
9469271	5
9470526	3
9478219	75
9480177	4
9492125	5
9504214	2
9507628	27
9516362	170
9517720	13
9521528	2
9524997	9
9529675	11
9530894	1
9542455	2
9545146	22
9549081	3
9568894	36
9580819	3
9582940	5
9598363	1
9603429	2
9603756	1
9603889	7
9607679	1
9607896	1
9609018	3
9616535	1
9632355	37
9639981	19
9640519	12
9644586	1
9647856	2
9673156	14
9675694	14
9677526	1
9678849	17
9681561	10
9682918	10
9683876	6
9685405	1
9693534	11
9702026	3
9709563	18
9710679	4
9718691	56
9726245	3
9730278	1
9735077	2
9735094	2
9746477	1
9751165	5
9752041	1
9753283	2
9753621	33
9754983	1
9759448	25
9777075	2
9777338	1
9782488	3
9787757	3
9788097	89
9796252	15
9797512	9
9805444	16
9806460	1
9846625	1
9852744	13
9852918	2
9859154	30
9873034	6
9873477	10
9878056	3
9880335	7
9880345	5
9881671	5
9885334	16
9886107	18
9887009	11
9887542	44
9891249	4
9895954	4
9896583	6
9896797	2
9897045	2
9900750	1
9909566	15
9914227	4
9916379	5
9922918	2
9938754	1
9942347	3
9942565	22
9943536	7
9949231	82
9952213	1
9957667	11
9957772	5
9970049	1
9971852	3
9977367	21
9982892	1
9988318	1
9988978	1
9992330	14
9992805	4
9994688	10
9996255	3
9998516	1
10007731	1
10009991	4
10024954	4
10026600	30
10032394	1
10033151	12
10037542	2
10038467	14
10040198	13
10040960	3
10041891	11
10042512	9
10054361	13
10057936	4
10059083	24
10060064	1
10064545	3
10066301	4
10066825	2
10069490	27
10071659	3
10079122	1
10081109	9
10081608	2
10097543	2
10112200	9
10118908	18
10120998	25
10126031	3
10126908	16
10140982	3
10144308	12
10146961	243
10148287	12
10160141	1
10170062	3
10173690	2
10174599	20
10178188	1
10182205	5
10187082	17
10191885	2
10192332	1
10199599	14
10216041	37
10217788	18
10218080	6
10219106	4
10237433	4
10240775	1
10246127	17
10246360	14
10247146	1
10247874	15
10253327	31
10270250	5
10282042	6
10287592	1
10289171	5
10295399	2
10300045	18
10307315	2
10314483	1
10319056	29
10321181	6
10327946	7
10328082	1
10332822	2
10337846	5
10353788	14
10353886	9
10365411	47
10371103	2
10379062	1
10380148	26
10383821	3
10383867	3
10384993	4
10389144	46
10391073	729
10395188	1
10399273	54
10399553	77
10400632	25
10407165	5
10410764	1
10411154	15
10413050	1
10420155	1
10420996	79
10426982	4
10427524	9
10431787	1
10437688	2
10441188	5
10444725	1
10446266	1
10446270	1
10446275	1
10446281	1
10446890	1
10450961	4
10452358	2
10458362	7
10464907	18
10475661	11
10476504	15
10480963	13
10485244	1
10487363	1
10498102	9
10501638	1
10504658	2
10505034	7
10513590	8
10521431	3
10522120	2
10524957	15
10532531	32
10535450	3
10543259	57
10546179	5
10555573	23
10556194	24
10557569	1
10558135	1
10559993	6
10567197	21
10572563	3
10579398	1
10582468	4
10600160	1
10601208	8
10608078	1
10608253	4
10608695	2
10609307	15
10609320	52
10610876	2
10614101	1
10614642	28
10616263	5
10616272	6
10624203	1
10624930	6
10637896	1
10646414	4
10649374	5
10651005	1
10651157	1
10654725	11
10675052	8
10679421	3
10687368	3
10688814	46
10689153	33
10696042	3
10697582	11
10705327	8
10707658	13
10723688	33
10725942	3
10750139	2
10762222	1
10767025	5
10777044	1
10797333	3
10798864	2
10800667	7
10808320	1
10823628	34
10825001	8
10827035	3
10827637	3
10851820	2
10870200	2
10870999	3
10876724	3
10878758	10
10894716	3
10903163	88
10915984	4
10923187	6
10941409	76
10961863	61
10965582	18
10969551	19
10970967	3
10973192	25
10974951	1
10984611	1
10984686	3
10985948	15
10986476	3
10990111	46
10992987	1
10994345	4
10997446	4
11000666	1
11007313	3
11008076	1
11008207	42
11014681	1
11029192	1
11036316	20
11061773	42
11062780	44
11070128	15
11074178	1
11081909	2
11095034	3
11098991	23
11099534	15
11108787	17
11110027	9
11111023	2
11116372	7
11125081	87
11125172	30
11125589	5
11138330	10
11142045	5
11155663	1
11158196	9
11159552	32
11167738	2
11171548	2
11180687	3
11195700	2
11196484	19
11198185	5
11206255	28
11214554	1
11218453	12
11221607	24
11224542	16
11225014	11
11228446	1
11233996	3
11238265	6
11239863	12
11245678	51
11262602	31
11262948	1
11267509	4
11276147	3
11290232	52
11293574	7
11309292	1
11319396	1
11321096	11
11322967	1
11337147	120
11337159	31
11340559	3
11363784	116
11364783	126
11367150	6
11369053	15
11369603	15
11369724	31
11370270	2
11371048	10
11374902	4
11377499	6
11396385	1
11397939	2
11401165	1
11407242	1
11411642	8
11424867	1
11429455	1
11432401	52
11436474	30
11436986	2
11440751	1
11442585	21
11445479	3
11446601	2
11447202	1
11452538	14
11452644	16
11452676	3
11461524	17
11463670	1
11469439	1
11469535	2
11478636	8
11480705	2
11481338	1
11482884	26
11489037	6
11496279	1
11507163	10
11507244	2
11508445	3
11516694	1
11530220	9
11542346	11
11545107	1
11545928	12
11549335	7
11564701	2
11574485	24
11577304	2
11579275	25
11580928	5
11589713	1
11591855	2
11594242	1
11595901	42
11597120	2
11599760	5
11602699	1
11607598	31
11615188	30
11615192	12
11616657	62
11621778	1
11630229	21
11632485	92
11636545	7
11639637	1
11645798	1
11652141	3
11654790	1
11656984	3
11657493	3
11667865	3
11670333	37
11672345	11
11675425	20
11677934	15
11679652	3
11680792	14
11682819	46
11686678	23
11693709	56
11695619	11
11697698	35
11698692	1
11711223	29
11723602	14
11727301	44
11729727	11
11730342	7
11749698	32
11753734	9
11764461	3
11778024	62
11780463	34
11780797	1
11786550	1
11788320	10
11796548	10
11796974	1
11801062	85
11802259	4
11819493	2
11823977	5
11825056	1
11827104	3
11836349	2
11837082	2
11847500	1
11848885	10
11848896	68
11851668	9
11854950	33
11859481	8
11863336	1
11892946	2
11893084	1
11893119	5
11894308	77
11900313	13
11901464	5
11901762	5
11920542	4
11921791	10
11929217	55
11931032	1
11934257	16
11939484	3
11943128	198
11945060	15
11951063	43
11971588	8
11975418	1
11981144	2
11984597	12
11993347	6
12000586	7
12004006	5
12009595	26
12019742	3
12028512	10
12034795	3
12040130	1
12043103	1
12048721	4
12049777	7
12050055	1
12057192	43
12063996	3
12064378	5
12068195	6
12079212	27
12087348	17
12089001	3
12090329	14
12092814	32
12093600	1
12093609	1
12093618	1
12095044	27
12115269	6
12127251	1
12143380	9
12164675	2
12165060	5
12166086	4
12166778	1
12169108	2
12173486	5
12175500	2
12186764	6
12188834	23
12189965	1
12193604	12
12196957	1
12199913	7
12201538	3
12204147	11
12204626	3
12217334	1
12223350	17
12226786	4
12228386	1
12230758	3
12235583	2
12246785	1
12254645	2
12255062	2
12256376	4
12267843	2
12271122	3
12271469	4
12278235	1
12284716	114
12285928	6
12286088	3
12289642	1
12293572	3
12296490	2
12307386	59
12310030	19
12317077	1
12318573	3
12318702	1
12319410	1
12322922	4
12323472	1
12327706	8
12335264	27
12347995	5
12357974	8
12358097	1
12359519	3
12363387	1
12373318	6
12383026	30
12383106	2
12384349	4
12385273	22
12387041	1
12387079	7
12391677	4
12393514	14
12399790	3
12414546	5
12418999	2
12419502	1
12422224	1
12423493	2
12425151	1
12425155	1
12428376	1
12431478	9
12434060	3
12440699	1
12440855	9
12445598	7
12446912	10
12452145	1
12457554	15
12463973	24
12465195	1
12465340	5
12469627	6
12473049	36
12480323	1
12484936	1
12495928	3
12499251	9
12511640	2
12522239	1
12557346	85
12558422	10
12564119	1
12564225	3
12567717	2
12570984	4
12571201	4
12575050	2
12578007	1
12590052	20
12592267	1
12599239	44
12618379	4
12621403	3
12625383	76
12625626	1
12630818	5
12645106	2
12645326	1
12649048	2
12654833	2
12659010	5
12670444	4
12678311	18
12682212	19
12687065	10
12688822	10
12704352	57
12715951	22
12719877	11
12736575	2
12744481	10
12745174	1
12745236	4
12746760	3
12755139	53
12756992	1
12760899	5
12764410	1
12764467	2
12771934	10
12777979	21
12779803	12
12784865	17
12785038	23
12791642	3
12793129	1
12797939	7
12798028	1
12801725	2
12808420	62
12820537	3
12820775	6
12822482	9
12824647	4
12839432	4
12847818	2
12848767	1
12868151	17
12888993	11
12896452	3
12899761	1
12901526	5
12903179	19
12912885	16
12919747	66
12926963	3
12927339	1
12929272	23
12937619	31
12953256	3
12957621	9
12960038	14
12960439	2
12962729	1
12968651	1
12968763	9
12970971	4
12972263	1
12978955	7
12980156	4
12983151	4
12987612	1
12990303	18
12994924	1
12996092	7
13003799	8
13004517	2
13018170	2
13019369	2
13021798	45
13032626	1
13036312	9
13037998	1
13039628	1
13044600	8
13045763	10
13070949	2
13073056	1
13078968	4
13079486	3
13088143	9
13088951	4
13108586	27
13111330	12
13111393	18
13114888	2
13123142	2
13124802	257
13126567	1
13131245	6
13142126	12
13149527	75
13152531	3
13158707	55
13174854	1
13179939	2
13180726	5
13186315	24
13198211	6
13203894	32
13206906	18
13212165	5
13220460	1
13221727	4
13226069	42
13233158	17
13248841	19
13254298	7
13258039	14
13261932	1
13264827	1
13266601	11
13271888	6
13280401	70
13281926	38
13295877	41
13297858	2
13300645	2
13322751	7
13325275	4
13325278	4
13342418	1
13344397	2
13348302	4
13352640	3
13352949	1
13353426	3
13356287	1
13367144	6
13367154	2
13373129	1
13379760	2
13380820	8
13381132	1
13382466	1
13382476	3
13384052	25
13386008	1
13392416	18
13399878	1
13400023	1
13404515	5
13419223	2
13421878	11
13428264	1
13429048	2
13432875	4
13435213	3
13439661	11
13440432	48
13441218	9
13442719	7
13446739	20
13466009	1
13471446	29
13491895	1
13497651	7
13501212	5
13509108	15
13510362	2
13511076	12
13512018	1
13512328	2
13513899	2
13527677	49
13527761	7
13532244	26
13540853	3
13547499	1
13550592	1
13559106	3
13562581	24
13565654	2
13572830	11
13573524	11
13584262	1
13584754	12
13586541	12
13589209	1
13592927	1
13594531	1
13595305	5
13595710	2
13596674	13
13628170	23
13628634	20
13630800	46
13631804	46
13633443	6
13640663	4
13655949	1
13660977	2
13661483	19
13661983	17
13663023	17
13667312	6
13674972	2
13677187	2
13677447	5
13677899	3
13678015	182
13681869	32
13692183	19
13702782	30
13705374	2
13712111	6
13721557	24
13722758	42
13723173	1
13729434	25
13739356	1
13739672	26
13740589	5
13741751	1
13741766	53
13742421	8
13746980	2
13753636	7
13783687	47
13788490	18
13800390	36
13807606	3
13810799	1
13816197	1
13825712	8
13830293	33
13830890	3
13839311	2
13843551	62
13847975	7
13850187	2
13854660	23
13855476	1
13862381	2
13862999	1
13863130	2
13868681	22
13868906	5
13869700	10
13870310	22
13872231	3
13872749	41
13886553	4
13890450	8
13895958	2
13899674	2
13909573	4
13911014	1
13911118	5
13914116	2
13916980	2
13918591	1
13919525	3
13926404	14
13936031	2
13945352	5
13950021	28
13958501	2
13959086	1
13960310	5
13962843	14
13966675	4
13974873	114
13986915	4
14002592	1
14003491	9
14005591	6
14016084	2
14019038	8
14021280	31
14029328	13
14037931	6
14040634	1
14049216	1
14050117	1
14051004	10
14058345	36
14064064	1
14082447	1
14089735	25
14109374	1
14111847	41
14115364	39
14116604	9
14117583	29
14124274	2
14125254	14
14125815	2
14125991	30
14133680	4
14133994	1
14135467	1
14135470	4
14135471	56
14145700	2
14145875	15
14146757	4
14159669	1
14160827	1
14167154	3
14167761	1
14172799	33
14176513	2
14183836	2
14186284	2
14191740	10
14202056	7
14205202	5
14210523	11
14212481	1
14218066	7
14219761	24
14222962	2
14224695	2
14225208	162
14239425	3
14244921	1
14259390	3
14265145	7
14275136	1
14284859	4
14291040	1
14293189	2
14294972	8
14296513	87
14299552	2
14303048	3
14304788	2
14305727	5
14306190	2
14307869	6
14309417	30
14309704	1
14310443	1
14313288	29
14325128	7
14340510	8
14346071	3
14346979	4
14350085	1
14352668	1
14353912	1
14358653	2
14377751	2
14377977	1
14378003	2
14380246	1
14380490	6
14384924	1
14397208	5
14398834	128
14400546	3
14410778	70
14415854	2
14430294	8
14433715	1
14438041	5
14440270	1
14447732	1
14473933	3
14500626	20
14507564	6
14509195	15
14509809	2
14514251	3
14518580	1
14528678	1
14531096	4
14536022	5
14536054	9
14536397	4
14536685	10
14540979	42
14541530	1
14556029	11
14562056	10
14579099	9
14579179	18
14590125	7
14611005	22
14614459	4
14620185	57
14630881	20
14640193	5
14641855	2
14644908	5
14646304	13
14650917	3
14651973	15
14665885	6
14670293	1
14676369	21
14677297	30
14678339	3
14679065	6
14685930	2
14696091	4
14696916	49
14698686	6
14700549	33
14703038	22
14711565	9
14712850	16
14716368	3
14718267	1
14724954	3
14724975	2
14730563	2
14732311	5
14734876	28
14735403	7
14735429	4
14739084	1
14745710	1
14747279	3
14751944	1
14774840	1
14778920	8
14784859	3
14794708	40
14807757	2
14812739	4
14812776	1
14814565	2
14836615	7
14847048	1
14849761	45
14849992	1
14852193	3
14857326	4
14865444	2
14882706	1
14884825	1
14887134	22
14887549	1
14889955	2
14895592	109
14895964	1
14902556	1
14904442	19
14909673	1
14920729	1
14930360	5
14930729	1
14939107	71
14939303	6
14941095	1
14949063	1
14949094	28
14960387	2
14964475	7
14964923	5
14971435	7
14975695	1
14979312	3
14981376	3
14995189	1
14997161	45
14999623	3
15008139	1
15015736	2
15022868	56
15032738	1
15043926	1
15045751	3
15057515	3
15059922	5
15061404	3
15062869	7
15067839	4
15071115	7
15078210	5
15085215	5
15085427	2
15088276	12
15099935	11
15100395	1
15101579	14
15102455	9
15109640	3
15110606	50
15110788	40
15111821	17
15115183	2
15116946	1
15126429	148
15130442	1
15131726	21
15137572	1
15141040	1
15144030	3
15149030	2
15149168	13
15155534	1
15168264	3
15168680	7
15169178	16
15169186	7
15173563	5
15174830	9
15188780	4
15189073	3
15193430	3
15202468	10
15221515	8
15222252	5
15225670	1
15231212	129
15231881	29
15233168	2
15237269	11
15237541	3
15238968	26
15253684	22
15256185	7
15259244	1
15266847	1
15267532	5
15270164	7
15284623	27
15284898	24
15286424	1
15297985	2
15300899	35
15303888	4
15308499	3
15309233	8
15312233	4
15315123	65
15320915	29
15325259	3
15333809	22
15337142	3
15346914	14
15348824	4
15350502	8
15360927	3
15365681	2
15366663	2
15366666	19
15370964	32
15373462	1
15378655	1
15379098	12
15379620	14
15381801	1
15385321	2
15385961	1
15404425	16
15409820	10
15415690	27
15422111	22
15428480	1
15443552	3
15450627	1
15452919	10
15458279	12
15460666	12
15462791	3
15475337	9
15476323	2
15480067	36
15498456	1
15500883	3
15508537	3
15509440	4
15510138	17
15510233	4
15526570	1
15528570	5
15531098	53
15531892	1
15534120	12
15536087	7
15540931	19
15540967	1
15543455	15
15552782	1
15560403	1
15563862	1
15582869	7
15586319	15
15595723	5
15602984	4
15610705	1
15612322	2
15614464	6
15625359	3
15634981	1
15644177	1
15644594	3
15649192	7
15649903	1
15652312	5
15657128	4
15657361	3
15660461	7
15662105	22
15672249	45
15673299	9
15674129	3
15678737	4
15693680	3
15710196	2
15714062	7
15716034	9
15717188	5
15717825	2
15718405	46
15720445	1
15728293	21
15733510	19
15733598	1
15736441	1
15750847	1
15763403	5
15773229	4
15773235	1
15777788	7
15778896	4
15778981	1
15783450	2
15785330	1
15787723	8
15794753	2
15799524	1
15800167	4
15800559	10
15803613	2
15805577	3
15808065	1
15810595	5
15812236	2
15813955	6
15814195	6
15814642	3
15829025	1
15830664	3
15835387	3
15835991	41
15836199	6
15836601	14
15836700	1
15846397	5
15852088	10
15855480	1
15860426	1
15866170	1
15866222	14
15870488	2
15874544	31
15875350	1
15879942	7
15881868	4
15884166	3
15884459	13
15885765	6
15891343	3
15896070	1
15910961	1
15917856	12
15920273	8
15920430	4
15921181	9
15926180	8
15930255	54
15930937	40
15936129	6
15937188	1
15943682	12
15945573	15
15949777	5
15974409	3
15979234	10
15988384	12
15993612	1
15994863	14
15995923	11
15999442	4
16000649	9
16000814	7
16008423	3
16008426	7
16009363	4
16009986	5
16035058	1
16050838	14
16062805	1
16066615	1
16066774	23
16072585	9
16077937	1
16078440	2
16080807	3
16089035	1
16091467	1
16097563	6
16120959	3
16146440	7
16147933	1
16149854	282
16150585	2
16151707	17
16154093	3
16154146	6
16155267	3
16157746	105
16161513	1
16162184	1
16162789	4
16174770	21
16176176	19
16176198	30
16180304	1
16180517	1
16181515	6
16182383	1
16185172	11
16189016	1
16191201	7
16203458	6
16203763	1
16205925	1
16213441	4
16218301	1
16222449	15
16237479	24
16238673	1
16241224	3
16246536	1
16250474	50
16251053	1
16256144	1
16264762	10
16276216	4
16277254	46
16282196	1
16285002	33
16286131	182
16292208	21
16294920	6
16294999	26
16295983	35
16300347	11
16301196	12
16311759	3
16312934	2
16314259	2
16316451	2
16316805	22
16322464	10
16323162	1
16324657	3
16325478	1
16329342	14
16338711	5
16340224	2
16341913	3
16343999	11
16346182	1
16347164	16
16348598	27
16351998	6
16362469	3
16362479	3
16362517	3
16362553	4
16362568	4
16366081	1
16366134	57
16378879	1
16388445	13
16389681	3
16389919	3
16394253	2
16394957	5
16396182	27
16396294	4
16406574	20
16408992	1
16409491	5
16410307	20
16410428	9
16411534	3
16416867	1
16417125	10
16420691	2
16422517	1
16425042	19
16427229	24
16429916	8
16429937	18
16454003	2
16455599	2
16457339	1
16466317	9
16466496	1
16468113	2
16471584	5
16473475	1
16473585	1
16479108	6
16483819	53
16488998	6
16491880	17
16492034	2
16495777	2
16501680	7
16512976	4
16513414	24
16515058	1
16515681	2
16516614	1
16522943	2
16540103	8
16543113	2
16547485	1
16552047	24
16554739	3
16557832	9
16560435	1
16563587	295
16574627	32
16579440	3
16584540	5
16587283	4
16588204	13
16594532	6
16599031	1
16599849	2
16607898	4
16607947	31
16614373	13
16614962	2
16621659	1
16627197	2
16630141	19
16634147	10
16634370	1
16635010	3
16635131	2
16639166	3
16646125	19
16653123	4
16653696	1
16657312	3
16664802	4
16665486	1
16685462	2
16686826	15
16687979	2
16688238	31
16691792	32
16693960	31
16694400	34
16695539	4
16703726	10
16705517	1
16710430	207
16714860	1
16723800	4
16730422	1
16734168	25
16734696	2
16735401	39
16738401	3
16740301	20
16744058	156
16752620	2
16764080	10
16768736	2
16771087	5
16772886	20
16775200	6
16785816	1
16794324	6
16794338	4
16794343	4
16794397	160
16794766	3
16803058	2
16811071	4
16811502	67
16817497	17
16819795	10
16831981	3
16832741	27
16840417	7
16844474	3
16851223	7
16859749	30
16865424	11
16873349	4
16883305	2
16901948	7
16906637	30
16906776	1
16907474	1
16910705	16
16919993	17
16940616	14
16950782	1
16963210	1
16964911	1
16968096	2
16971008	2
16972952	31
16974937	2
16976982	31
16977232	2
16977479	3
16977759	1
16987877	18
16994149	6
17014419	4
17021514	2
17025617	5
17034809	41
17035121	4
17055264	2
17056120	24
17066884	2
17072437	1
17072697	3
17075030	1
17075662	6
17089728	5
17098046	9
17101123	1
17104739	7
17107479	2
17118201	1
17126406	1
17127549	2
17127687	3
17131821	2
17132419	50
17132838	8
17133812	1
17140192	22
17148588	7
17151764	2
17153329	26
17154867	16
17163720	82
17164513	11
17165658	7
17167136	2
17170945	6
17171710	31
17173120	28
17179173	1
17192644	54
17193734	5
17198768	16
17199910	14
17201744	5
17201753	2
17210708	10
17213932	15
17217530	3
17218148	5
17219500	8
17224514	1
17227535	35
17228786	8
17231517	45
17232535	27
17234665	8
17236735	26
17238844	2
17241201	10
17249478	4
17252115	47
17254728	38
17257794	1
17262653	2
17268927	5
17278743	46
17279863	48
17281415	10
17287926	18
17287980	4
17295621	6
17302568	2
17303641	28
17307763	3
17310099	3
17311922	70
17322695	1
17323102	1
17324120	84
17325575	13
17335035	1
17338734	3
17342018	9
17344049	40
17347463	33
17356911	4
17358571	2
17359210	1
17361596	3
17363774	2
17368821	1
17368872	6
17369639	18
17371412	39
17372733	3
17373313	5
17374588	1
17374594	1
17374598	1
17374628	1
17374635	2
17374645	2
17374659	1
17378009	4
17378050	1
17391973	15
17393022	23
17395836	1
17403476	21
17408788	1
17410834	1
17410926	52
17411967	18
17417106	7
17420913	4
17431378	1030
17434802	8
17434992	19
17446726	3
17448603	2
17449498	2
17450228	4
17456254	20
17468556	1
17477111	8
17486281	1
17492965	13
17496194	8
17501090	2
17502302	18
17504501	44
17505614	3
17508889	27
17516793	4
17518382	2
17522563	2
17527989	1
17530284	2
17531908	1
17541180	38
17548048	4
17548747	2
17571990	1
17575535	3
17578798	1
17582613	2
17582757	1
17591748	3
17592572	20
17605599	1
17608126	3
17611577	1
17620347	5
17621075	2
17621336	2
17630058	1
17630288	6
17632122	2
17632837	1
17634071	5
17637707	1
17647639	16
17649551	23
17650869	3
17655588	2
17656498	9
17664164	45
17668184	2
17685829	1
17686967	10
17690715	5
17703190	4
17705626	18
17714944	1
17723699	23
17724730	3
17725378	1
17728164	113
17733250	2
17735839	8
17742767	5
17762755	4
17763851	53
17775355	2
17777303	4
17784202	1
17784299	10
17790136	15
17792490	1
17794940	1
17808780	16
17812193	2
17812682	6
17814354	3
17818696	12
17824536	8
17824809	28
17825580	29
17826843	26
17827909	4
17830703	3
17832726	12
17835410	1
17837583	3
17839346	64
17842334	13
17844840	22
17845246	1
17845275	15
17846690	1
17852451	9
17861126	2
17870930	33
17881253	30
17894272	59
17898911	7
17904384	101
17905329	1
17905989	17
17906147	12
17907002	43
17907356	1
17908447	2
17912788	2
17913633	23
17917662	33
17918315	4
17919669	7
17925227	11
17928207	3
17931379	12
17934994	10
17939582	55
17954730	2
17956445	2
17960746	2
17964653	39
17964729	23
17971138	5
17973188	26
17974627	1
17974816	1
17975644	35
17977128	1
17982061	10
17985744	1
17987110	25
18023059	1
18026324	47
18037815	8
18047592	5
18049133	1
18049528	20
18051302	4
18055618	1
18056680	2
18059069	38
18062944	6
18065797	7
18069188	13
18074184	1
18076288	20
18082434	1
18099749	5
18102026	34
18105945	4
18107617	7
18115347	2
18116062	1
18128548	2
18129915	1
18141084	3
18148206	4
18150451	16
18150497	5
18158702	3
18170257	158
18172227	14
18178353	2
18178675	5
18180090	1
18180732	5
18183494	1
18188537	4
18189061	3
18201810	94
18210190	2
18214081	26
18217012	19
18221501	10
18222972	8
18224920	2
18225913	26
18248068	15
18259368	5
18271108	2
18275570	198
18280236	5
18283391	143
18286047	1
18300645	32
18302070	48
18306049	20
18307175	102
18312071	10
18317669	8
18320220	1
18320947	1
18326574	19
18326701	22
18327074	1
18327496	36
18327506	45
18327612	4
18327618	7
18327626	6
18327646	17
18327658	3
18327738	15
18327753	2
18327768	3
18327786	1
18328345	2
18328813	106
18331732	1
18339541	100
18339970	35
18343137	4
18346213	66
18348651	14
18351718	22
18370552	37
18379141	13
18383364	7
18394987	6
18399519	34
18403574	4
18406709	13
18411790	33
18411972	2
18412580	42
18439675	30
18440563	4
18442380	3
18442381	1
18448108	1
18448786	1
18471236	2
18474889	10
18477516	8
18486304	2
18490421	9
18494160	16
18503427	17
18509522	45
18511687	2
18512431	8
18524934	1
18525371	1
18529246	7
18533350	98
18552822	4
18553777	15
18556147	1
18566245	24
18569427	37
18574457	7
18580533	2
18581578	5
18583210	7
18589213	5
18595011	1
18604656	198
18604783	3
18609428	29
18612437	26
18617943	1
18618251	1
18618267	25
18621964	3
18623438	2
18637218	34
18639908	1
18641380	1
18642416	66
18642969	1
18648455	19
18650199	5
18663590	2
18664943	13
18665039	5
18669969	24
18673522	2
18689903	4
18691192	52
18708438	4
18715057	4
18715646	12
18730183	8
18737218	16
18741799	14
18751259	24
18776427	2
18777006	12
18777864	3
18782726	3
18795673	2
18798826	10
18802139	17
18802989	4
18807835	15
18809854	2
18811064	7
18814466	8
18835805	3
18837028	3
18838035	3
18840003	3
18845024	3
18847464	8
18847851	6
18848568	10
18852165	8
18852566	120
18856208	2
18872244	17
18874460	1
18875357	1
18885593	10
18885925	2
18887842	2
18887928	3
18895427	10
18901345	1
18910239	1
18912503	3
18917483	5
18918709	8
18924701	60
18933635	4
18934693	1
18946763	9
18950216	1
18950460	2
18962634	9
18962767	2
18974940	9
18987413	2
18992158	3
18992225	3
18997629	36
19002414	1
19006435	3
19008038	3
19036577	1
19040095	1
19040482	10
19044298	1
19047649	1
19049758	2
19049917	1
19051806	134
19061144	20
19068220	39
19078059	6
19079918	1
19083268	9
19085756	1
19097645	1
19117126	36
19124368	34
19126114	2
19137737	3
19138052	5
19141754	4
19143929	57
19146570	21
19148949	2
19150258	35
19154916	14
19158009	2
19172212	2
19204004	1
19205896	18
19206221	6
19217274	35
19238853	9
19241830	3
19245921	1
19248542	386
19249835	9
19254557	10
19257170	76
19266337	3
19267652	3
19271395	9
19272315	27
19279199	4
19279458	1
19289265	27
19290649	13
19292003	4
19292203	7
19294052	4
19296674	1
19297959	1
19298896	1
19306103	58
19313590	224
19314620	33
19314991	100
19316619	1
19316865	8
19317893	2
19318458	10
19340336	2
19344362	57
19347267	16
19350397	6
19351480	23
19351660	2
19352121	38
19352450	6
19353092	8
19353482	1
19354145	21
19358114	2
19360616	8
19366500	4
19368221	3
19368783	5
19369035	134
19374812	3
19376602	29
19377180	3
19381895	7
19382615	7
19384819	3
19387222	20
19390712	8
19401646	5
19402258	10
19402347	6
19407947	5
19416551	4
19420959	1
19423184	6
19428677	4
19429698	6
19436483	18
19449327	16
19467184	4
19467512	20
19475113	1
19476134	2
19483231	20
19483273	2
19498290	105
19499960	5
19500159	22
19501047	10
19502452	2
19508826	17
19514152	2
19514776	100
19515188	2
19517247	11
19524156	4
19524397	4
19526501	2
19535954	1
19542078	1
19542768	4
19545381	17
19545865	1
19546488	4
19547077	4
19547115	2
19547448	4
19566764	30
19569477	3
19570381	1
19577510	5
19590299	3
19596658	30
19599383	15
19599784	1
19606299	6
19611854	7
19614405	1
19621950	8
19624574	27
19628047	11
19630847	4
19634688	1
19638422	141
19641638	12
19647328	2
19651495	6
19689699	25
19695722	41
19696006	8
19698391	14
19699356	1
19700613	2
19700764	6
19703913	21
19706194	25
19711806	1
19712406	1
19712934	1
19723915	23
19724602	1
19730456	8
19745004	7
19745314	30
19745493	1
19753195	1
19773438	27
19774195	4
19775824	6
19777812	2
19778979	2
19780811	2
19782572	18
19783550	1
19784232	5
19799491	25
19802581	2
19802899	170
19805861	5
19816070	30
19816973	95
19821157	2
19825320	58
19827180	4
19827544	2
19836411	2
19843509	5
19845168	21
19846966	4
19848560	7
19851667	6
19853934	651
19854491	4
19857390	23
19860085	21
19860116	3
19862061	4
19862869	11
19863023	19
19866730	1
19867319	7
19870157	12
19872239	52
19872456	7
19877817	27
19881421	3
19886687	2
19887998	22
19897997	1
19916900	4
19935082	19
19935833	8
19935914	35
19940883	42
19942641	9
19943563	8
19951562	2
19953044	2
19953050	8
19954711	14
19958585	7
19960841	9
19961514	4
19964914	12
19966395	2
19966916	5
19969855	1
19973312	6
19975050	7
19989605	5
19991870	66
19992691	29
19992852	4
19994257	7
19996401	4
20001423	2
20003758	1
20014707	13
20015974	5
20021038	12
20023221	33
20023941	12
20026778	1
20030571	1
20031101	35
20036001	11
20042152	19
20043757	3
20059361	47
20064711	2
20065762	5
20069544	2
20075293	1
20089857	10
20092494	1
20094029	2
20095457	15
20100185	29
20103030	2
20105255	1
20106153	1
20107238	12
20107774	7
20107959	6
20130177	37
20145274	10
20149959	13
20153092	2
20154427	4
20158618	3
20161671	2
20171599	3
20171642	14
20181097	24
20193261	1
20206508	10
20208662	78
20212761	3
20213657	1
20215459	32
20220152	1
20220358	1
20235625	6
20244903	12
20253182	6
20257803	1
20257949	3
20279144	35
20287787	12
20291263	1
20293030	49
20294829	1
20300177	2
20300219	9
20301061	13
20302770	13
20304390	3
20307838	4
20309002	7
20309049	2
20313194	59
20314150	41
20315844	4
20325897	114
20326654	1
20329618	1
20340348	3
20342234	12
20343475	3
20344662	6
20345659	15
20349637	6
20360014	1
20360028	1
20361729	15
20365643	43
20379664	2
20381021	11
20387938	1
20389482	1
20390951	3
20395531	23
20395801	52
20395943	39
20398807	9
20404812	24
20410399	30
20415251	6
20415632	19
20421659	16
20421914	90
20429943	1
20432793	2
20433151	3
20434602	7
20434705	10
20445947	10
20446681	3
20448696	56
20457549	7
20460946	42
20463939	4
20465218	36
20466577	44
20473418	14
20479498	15
20482496	1
20484506	13
20493429	1
20513959	2
20517345	3
20519851	17
20527117	1
20530177	2
20533405	58
20538228	35
20539166	45
20541167	27
20542080	3
20542797	1
20547676	10
20549706	11
20552964	10
20556967	60
20557127	1
20557253	4
20558462	2
20559227	3
20559270	3
20566273	2
20566902	19
20570322	23
20580498	11
20587599	5
20597509	1
20599175	5
20600881	16
20601147	28
20607157	2
20616575	14
20618957	43
20633049	20
20643759	1
20653934	1
20663016	38
20665349	1
20667318	7
20670378	36
20671988	42
20672392	8
20679941	45
20680816	2
20681108	19
20684017	1
20695446	2
20699026	2
20699435	22
20705344	21
20705648	1
20717348	3
20718930	9
20719518	1
20720417	2
20723814	1
20728281	1
20747981	16
20748715	58
20755007	2
20762263	5
20769520	1
20773773	4
20775600	37
20778549	2
20785982	1
20787122	6
20789757	2
20790599	16
20791794	27
20801613	20
20803071	25
20803285	8
20803842	26
20811348	3
20811506	1
20811753	35
20813786	1
20815029	7
20818126	6
20829815	1
20842849	2
20843414	1
20848648	13
20855247	37
20876193	3
20881761	2
20883829	8
20884374	34
20884782	2
20885993	5
20886151	47
20886443	19
20886492	50
20893223	5
20904437	6
20904962	3
20905275	1
20905572	4
20906845	2
20918351	6
20919534	36
20920668	1
20928509	1
20929025	174
20929782	40
20931903	31
20933004	2
20936653	1
20938963	28
20939782	21
20939877	91
20941172	42
20941273	24
20941939	3
20943581	1
20944673	5
20951389	3
20954246	18
20957242	10
20961462	33
20965586	2
20970319	3
20976138	2
20980012	3
20981165	8
20987583	2
20991328	48
20993862	92
20999728	13
21002580	3
21013087	31
21018390	1
21022069	4
21033662	11
21038266	7
21042716	38
21051328	6
21052744	2
21056536	1
21060126	7
21062381	8
21063580	2
21068958	3
21071534	1
21076445	3
21081743	9
21085139	28
21087084	2
21087289	8
21088207	20
21088356	2
21088403	45
21089070	11
21090723	33
21091760	10
21094730	34
21100244	34
21101245	13
21107429	1
21108956	3
21112786	2
21118274	10
21124075	24
21134995	7
21152391	26
21153084	29
21153850	2
21160389	4
21167485	5
21168966	2
21169351	1
21170073	1
21170833	3
21171031	7
21172638	1
21172715	13
21174850	36
21175820	24
21178017	8
21179164	8
21179968	3
21180741	3
21184808	56
21187638	1
21196107	29
21206305	30
21206918	1
21210102	25
21212431	1
21215781	15
21217819	3
21219269	1
21222321	1
21225407	29
21233191	104
21238354	21
21242831	154
21243212	3
21244505	18
21244924	7
21247659	2
21249621	3
21251366	22
21252548	2
21254536	1
21265042	2
21266373	8
21267188	12
21267545	10
21273155	2
21273733	14
21275987	8
21277401	74
21280887	68
21292856	1
21298446	7
21298530	1
21302211	2
21302282	1
21303242	15
21305972	3
21310028	3
21310764	4
21314224	1
21329550	5
21331063	18
21331090	8
21333814	2
21334164	1
21337107	2
21347346	71
21348075	59
21349834	1
21350424	2
21353031	90
21354883	1
21355079	59
21357013	1
21366046	1
21366477	4
21373669	1
21385916	3
21387077	9
21393007	24
21394954	4
21396755	2
21397581	5
21399598	43
21402627	2
21403699	10
21405028	3
21405138	3
21412737	2
21413198	3
21424418	135
21433119	31
21438158	4
21439061	6
21443728	2
21444367	26
21445370	2
21449162	10
21451240	4
21457951	6
21463898	8
21467110	6
21467907	56
21470111	4
21475984	37
21480944	15
21481110	1
21486287	2
21487588	1
21489908	1
21493305	3
21493821	1
21496481	7
21500952	5
21508622	2
21520263	51
21530861	3
21532794	6
21533702	12
21536118	1
21540759	2
21541051	8
21549805	13
21556868	7
21567832	9
21570406	8
21580302	4
21585830	1
21591001	25
21600782	8
21611018	11
21611022	2
21611723	4
21618058	29
21618872	4
21621078	11
21621670	16
21627244	7
21629362	32
21631326	10
21636061	44
21644204	19
21649349	1
21654452	39
21655733	15
21663285	2
21664280	21
21672903	32
21674271	24
21689686	15
21693989	7
21694966	3
21696302	2
21700594	2
21700699	1
21701671	1
21704134	1
21705009	6
21706215	1
21707405	12
21708163	2
21721629	1
21724513	2
21724875	46
21729759	25
21730553	27
21732198	1
21732596	6
21737465	2
21740844	2
21740933	20
21741891	6
21744872	7
21750575	12
21752865	2
21761215	1
21775167	11
21783823	1
21789010	40
21795083	1
21796043	3
21796735	3
21796891	1
21819643	1
21830645	65
21833183	1
21836148	2
21839843	2
21846770	1
21853887	19
21854907	42
21858831	9
21874030	21
21875476	1
21885269	1
21890916	1
21893881	11
21894635	1
21895733	2
21900253	154
21900269	46
21902000	1
21908970	10
21910770	2
21914595	10
21914939	23
21921396	7
21936951	4
21939095	3
21941161	4
21943980	1
21945888	2
21947754	16
21949734	10
21949879	28
21950910	42
21954918	8
21959179	2
21963095	15
21966379	1
21970893	4
21975579	11
21978342	19
21979537	11
21985130	4
21990398	9
21994197	3
22001913	4
22002058	17
22002113	23
22007187	27
22014778	16
22027821	1
22034394	3
22037884	4
22040072	10
22046596	23
22048720	30
22059424	7
22060474	3
22064707	5
22066165	245
22067521	6
22070567	3
22071905	36
22074543	42
22078229	7
22082722	2
22085888	84
22097190	33
22106313	53
22107132	2
22108131	5
22111399	61
22112476	15
22112538	1
22117259	7
22124768	1
22130774	4
22135007	1
22137709	22
22138152	62
22139167	3
22155032	1
22165061	1
22165505	1
22183223	3
22203235	14
22214885	3
22226615	1
22234733	80
22238710	39
22251116	1
22260178	1
22262489	6
22269247	1
22269384	3
22277046	44
22285649	5
22286202	1
22287975	2
22298954	1
22300924	2
22305416	3
22305594	28
22319670	6
22328073	3
22338518	4
22342877	5
22343235	85
22344182	28
22355214	2
22358793	1
22360041	29
22361331	4
22362099	1
22366871	133
22376054	1
22376157	3
22377139	2
22378643	6
22381600	1
22386765	1
22389301	42
22389485	1
22390043	3
22394357	6
22403569	1
22413258	4
22414689	2
22422571	15
22423082	48
22426819	1
22435742	5
22436876	12
22439315	1
22439806	25
22442668	2
22458259	14
22466228	18
22469418	142
22475582	1
22482767	34
22482934	7
22483215	1
22484898	1
22485068	6
22486930	7
22497156	32
22504575	22
22507007	20
22509111	11
22520829	2
22523205	34
22527203	59
22531552	6
22532326	3
22542759	758
22546879	7
22550429	5
22553797	16
22558387	3
22561571	23
22563577	4
22577043	3
22577579	22
22577925	2
22580980	2
22602573	11
22607013	3
22609806	2
22610009	20
22613546	15
22631422	2
22632242	1
22636263	1
22637619	1
22643282	11
22647956	32
22651419	4
22651892	21
22652254	18
22655952	1
22665685	21
22669193	25
22670849	25
22670857	1
22672146	22
22687663	2
22693515	5
22699558	1
22700458	5
22701145	3
22701769	10
22711503	17
22711639	1
22711656	28
22711712	10
22734163	5
22734387	19
22736886	12
22737329	18
22737333	23
22738201	1
22745335	15
22746070	22
22753345	7
22754193	2
22755810	8
22760763	6
22764273	15
22767401	7
22768182	16
22769065	44
22769864	13
22776606	3
22783065	10
22790488	1
22795312	1
22797228	2
22812153	1
22818315	1
22821314	17
22821674	1
22823654	28
22826449	5
22844223	12
22844864	62
22847321	40
22851255	1
22862560	1
22863121	18
22866768	60
22871550	10
22873328	16
22873519	1
22874677	7
22876427	1
22882621	7
22886917	1
22887863	3
22894999	1
22897489	10
22902460	14
22906142	3
22908548	1
22910502	7
22911969	4
22917537	2
22920486	19
22921364	70
22923232	47
22923251	2
22923393	58
22926972	28
22927608	4
22929148	35
22929261	53
22929543	1
22929675	20
22930887	2
22938713	2
22946859	4
22948530	5
22949566	15
22954249	30
22957431	2
22967610	7
22971140	17
22973515	2
22979044	10
22981257	1
22982974	191
22988082	20
22988319	1
22988982	1
22989971	1
22990382	114
22993377	7
22993939	3
22996097	2
22996869	1
22998579	18
23000858	1
23001795	27
23002299	1
23002385	4
23008502	1
23009797	3
23010704	1
23013268	7
23013311	1
23013457	20
23013460	61
23015644	1
23021810	16
23029617	22
23034563	1
23037541	13
23038334	14
23041371	4
23041507	1
23043681	1
23044617	10
23050575	2
23050594	10
23052350	2
23052818	6
23059575	30
23061798	1
23065691	17
23067055	2
23069399	1
23070319	1
23070893	39
23073482	19
23078870	3
23082332	6
23083156	3
23085205	1
23086258	17
23087554	2
23087796	54
23096959	2
23097101	1
23099295	1
23103516	42
23116127	31
23119045	22
23121600	12
23123128	28
23123149	1
23129458	4
23138586	1
23138984	6
23140778	9
23142392	3
23146544	1
23146649	11
23147355	14
23147891	22
23149310	4
23152486	17
23152826	1
23156260	2
23161954	21
23165580	1
23184926	3
23187696	1
23196256	10
23198153	75
23203559	4
23203598	5
23205911	4
23207943	1
23211558	3
23216272	3
23230079	1
23230424	2
23232742	3
23240229	2
23266363	37
23267698	7
23272510	4
23274128	5
23276718	12
23289808	54
23291012	9
23308338	3
23310805	20
23311272	2
23312501	17
23313493	1
23321731	1
23322104	25
23322482	1
23324928	4
23332997	4
23333101	1
23338118	8
23338500	20
23338716	2
23349001	1
23354645	23
23355681	4
23357588	9
23360369	31
23366851	29
23370123	1
23382756	9
23384554	13
23386404	45
23391501	67
23392115	5
23397244	7
23397778	7
23398639	26
23404839	53
23408953	46
23416190	2
23417590	23
23418517	14
23418534	3
23430288	21
23435885	7
23439521	1
23439744	23
23440601	3
23440812	7
23442737	7
23445209	6
23448856	23
23458910	12
23459758	31
23461115	2
23462476	3
23480519	5
23482151	1
23482820	31
23487773	2
23490169	1
23494024	13
23496827	3
23498166	1
23500865	22
23502577	36
23505879	25
23507679	7
23519370	5
23529158	1
23531530	1
23531743	4
23542298	1
23548623	22
23554488	1
23556724	2
23565243	1
23570030	16
23577702	4
23584264	1
23584277	1
23586059	16
23586111	18
23589986	5
23590241	3
23590442	28
23591416	16
23592505	28
23593594	26
23598286	19
23599994	1
23607424	16
23608908	23
23615527	5
23626587	11
23627382	27
23628046	31
23637153	2
23639316	7
23646608	1
23649904	64
23652126	35
23653453	17
23655239	5
23658480	1
23662236	22
23662959	43
23663301	4
23663746	9
23668497	3
23670712	65
23680678	3
23681676	4
23688496	2
23690791	19
23697674	112
23698105	1
23701001	1
23706000	4
23706552	34
23708376	28
23715715	28
23715842	17
23721352	28
23722234	1
23724212	1
23726651	1
23728095	1
23741839	19
23749172	1
23749387	1
23749927	21
23752193	31
23760859	55
23766683	11
23768977	9
23770421	48
23771350	12
23774298	31
23783874	2
23795232	1
23796073	7
23801241	8
23804476	14
23807586	7
23808195	1
23808509	1
23808542	1
23808557	1
23808585	1
23808616	1
23808620	1
23811389	11
23812315	1
23824120	1
23824208	1
23824298	1
23829125	28
23831045	4
23832429	88
23836598	4
23838217	19
23838815	28
23839256	151
23844174	3
23850207	1
23851195	2
23853482	1
23853939	3
23859769	6
23860591	1
23865131	31
23869357	27
23874177	8
23886834	1
23891194	5
23894441	9
23896988	7
23899906	4
23904068	45
23904562	15
23906844	2
23916614	36
23922823	4
23924195	17
23928410	2
23930639	4
23930671	54
23932530	35
23932603	30
23947795	15
23949017	4
23950071	30
23961092	54
23962994	6
23963315	1
23963494	3
23966397	35
23967160	11
23967495	2
23970077	5
23974149	4
23975176	9
23979014	39
23984796	2
23991437	28
23992530	39
24003138	13
24011030	20
24012813	1
24016302	75
24018946	1
24030380	1
24035169	5
24042727	33
24045085	7
24046239	1
24049450	1
24053165	22
24053422	2
24056426	3
24057378	11
24058166	4
24058615	3
24059140	1
24063576	7
24070828	1
24072579	1
24072993	1
24074809	1
24078097	20
24084730	12
24088847	8
24094603	12
24098803	1
24103357	8
24107001	1
24107214	3
24107628	4
24109199	4
24110711	29
24113512	43
24124373	36
24136735	23
24138010	3
24141268	19
24142061	1
24148723	2
24153637	3
24158368	12
24160074	31
24161015	6
24162061	1
24165519	20
24173597	23
24174754	6
24183121	6
24183312	14
24193383	2
24195339	17
24198103	19
24224646	1
24224685	8
24228029	1
24237211	3
24245238	3
24249043	1
24250009	342
24253493	3
24264880	4
24277431	4
24279940	40
24288213	1
24297650	5
24301169	107
24304103	1
24305501	1
24305907	2
24307610	12
24310646	1
24310719	4
24311594	3
24317699	16
24322390	6
24322737	2
24327512	2
24330295	2
24330320	5
24337612	93
24337873	6
24337989	1
24341073	2
24341273	1
24347632	1
24349480	21
24353303	5
24353466	25
24353917	12
24366861	3
24375939	53
24376854	1
24382273	14
24386993	49
24387730	4
24389914	1
24392063	2
24395109	3
24396831	17
24403473	5
24404721	1
24409378	2
24410210	1
24420506	20
24423869	28
24424126	88
24425665	30
24428594	18
24433756	228
24433842	5
24437980	1
24455580	1
24456714	2
24461919	7
24462046	1
24468283	2
24471201	10
24474126	8
24474138	2
24476882	14
24477982	3
24478752	1
24501920	5
24507006	7
24509399	1
24516823	3
24517284	1
24518180	19
24518232	1
24525868	9
24531144	4
24543517	2
24546880	12
24554806	14
24557021	22
24560304	5
24560307	9
24560345	1
24562688	1
24566021	3
24566191	2
24568713	38
24595444	3
24595604	95
24609401	6
24610319	18
24622111	22
24633503	5
24635052	2
24638380	9
24638764	1
24640725	62
24644769	82
24650339	2
24653381	1
24655114	19
24655329	12
24657821	2
24667579	1
24668894	3
24669372	63
24671734	5
24674411	8
24674939	13
24677392	2
24681231	1
24681398	4
24682167	7
24685617	1
24687254	12
24688603	21
24694338	1
24703136	80
24705939	1
24711400	2
24711589	3
24717917	1
24722002	2
24724170	4
24725587	19
24727800	1
24732433	88
24733374	47
24736064	10
24737132	1
24740176	24
24743630	2
24744635	21
24749463	1
24750302	16
24757641	14
24758457	39
24766967	95
24773666	19
24773826	1
24774658	4
24775791	9
24777832	4
24780804	1
24781644	24
24782902	1
24786813	4
24793076	6
24796059	29
24797553	3
24800517	1
24804430	1
24809835	78
24810492	4
24817474	2
24821847	2
24825619	6
24829371	27
24835814	17
24839939	2
24841340	15
24844805	21
24848102	1
24850617	3
24851989	16
24852387	24
24856010	1
24865568	33
24868516	9
24871990	21
24890158	3
24891617	1
24891661	17
24894211	2
24896510	8
24898177	10
24899166	4
24902146	6
24902957	6
24904921	22
24905898	1
24916087	1
24919409	39
24926745	45
24930665	1
24932432	1
24932538	52
24933148	3
24933326	9
24933814	2
24933949	7
24935033	1
24935177	1
24938485	20
24939417	26
24940582	18
24942365	1
24942721	3
24951510	34
24954215	1
24956772	1
24956982	21
24959925	17
24964446	1
24968227	27
24972258	25
24989901	1
24993138	1
24997096	3
24998407	68
24998719	10
25003905	7
25004372	6
25007160	2
25008788	3
25015456	42
25018307	5
25033055	29
25033964	4
25036206	22
25037004	11
25038616	2
25040362	28
25040658	9
25041371	57
25045183	4
25049768	3
25050352	1
25050844	7
25056419	33
25056806	10
25059625	3
25063362	1
25067518	8
25070885	2
25081802	1
25084719	6
25086193	7
25092941	32
25101274	3
25104780	30
25114359	2
25118538	4
25121303	1
25125602	1
25126616	19
25127914	4
25135037	15
25137524	1
25158154	6
25159454	26
25160397	3
25163509	7
25166776	2
25169249	7
25171650	2
25180795	1
25181584	4
25183328	40
25185119	30
25197244	5
25200087	9
25201748	6
25202650	34
25203883	5
25205317	3
25211849	1
25221636	80
25227902	36
25230524	13
25231002	2
25231213	2
25246591	2
25247707	4
25254780	1
25254798	2
25256202	19
25256330	1
25259399	7
25260852	2
25265236	43
25268704	3
25270902	10
25272170	2
25273785	64
25275777	4
25281621	1
25287195	1
25287736	23
25292731	4
25294136	2
25299470	1
25301488	14
25310522	4
25319462	20
25320424	1
25334511	26
25338826	1
25359717	3
25360437	3
25369506	7
25370072	94
25371175	34
25372499	3
25375276	5
25378793	27
25381518	23
25389703	4
25391393	3
25392092	3
25394828	5
25400090	24
25402940	86
25409402	2
25410225	2
25413882	1
25427817	8
25429168	1
25432664	1
25437986	5
25446835	3
25450714	9
25450824	1
25458038	1
25459400	5
25471643	1
25475668	1
25476601	2
25483417	33
25487089	104
25487232	16
25487327	14
25494195	4
25504233	15
25525797	1
25527782	37
25528375	17
25530339	10
25536883	1
25548089	47
25566711	2
25582637	1
25587126	1
25593739	2
25594400	13
25597974	29
25606869	4
25611422	22
25614922	1
25620908	3
25623941	3
25623942	6
25626799	1
25626871	1
25632546	120
25641205	1
25644327	2
25645329	1
25653072	5
25656802	2
25661073	8
25661154	11
25665137	20
25665766	1
25669119	1
25670446	9
25674781	1
25675902	1
25678869	1
25686301	35
25688387	2
25691817	26
25693425	1
25693728	1
25696504	6
25700350	1
25700734	5
25708760	1
25712211	6
25719782	2
25728077	29
25738703	7
25742807	26
25744099	4
25744696	65
25772214	2
25780780	6
25780987	10
25786960	1
25788279	1
25800128	15
25804514	6
25813166	21
25813353	24
25817866	1
25823670	1
25826611	16
25827088	50
25828473	5
25837003	1
25837286	7
25838185	108
25841126	7
25843055	4
25853125	1
25856630	3
25862592	1
25871447	1
25875083	1
25878242	5
25880891	3
25882103	1
25885593	15
25889694	4
25889802	6
25893186	1
25894747	7
25910583	2
25910709	1
25917795	4
25920236	1
25920723	16
25922479	6
25932645	5
25932978	23
25934037	38
25941674	1
25965625	18
25968648	4
25968851	1
25969533	4
25979437	15
25985972	2
25986389	6
25987473	7
25996549	7
25997031	9
26000061	10
26006925	8
26012331	1
26014013	1
26014061	3
26017508	8
26024622	43
26028641	47
26029589	2
26031265	1
26038110	18
26039547	3
26040124	3
26057138	28
26058799	1
26062511	1
26076338	27
26077653	5
26077654	1
26082983	12
26088488	2
26101808	40
26102180	1
26103010	62
26103098	74
26103664	4
26109545	22
26119309	3
26121818	130
26124079	11
26128264	6
26133979	128
26159299	2
26160744	1
26161892	2
26172294	1
26176918	45
26177397	2
26181278	3
26187497	5
26187525	4
26189434	10
26192117	1
26193547	1
26194169	3
26194951	11
26201720	1
26201730	1
26203986	36
26205980	42
26217535	5
26223243	1
26225592	10
26229585	15
26230481	4
26231745	2
26235996	1
26241846	4
26262349	2
26270238	2
26270317	46
26276168	9
26280126	7
26285120	32
26288209	7
26289381	1
26290096	29
26291151	1
26291234	56
26294263	2
26294277	6
26295345	4
26295349	1
26296658	2
26297305	1
26298709	1
26298801	1
26298804	1
26298809	1
26298815	1
26298818	1
26298821	1
26298833	1
26298841	1
26309788	44
26309799	9
26314357	2
26319440	1
26320215	1
26324661	18
26329214	1
26330652	1
26331131	3
26337322	2
26345191	1
26352090	3
26366770	5
26373485	9
26379718	5
26390088	4
26402582	2
26403221	2
26410737	2
26410803	17
26414468	2
26425838	2
26430121	39
26431840	1
26434490	1
26438422	4
26438848	67
26443394	1
26443666	2
26445130	5
26447717	5
26453840	12
26455740	6
26459635	5
26463368	3
26467698	6
26471379	7
26479833	2
26481364	1
26484267	1
26485693	2
26487064	3
26487641	10
26489909	1
26492586	15
26499478	2
26500561	13
26505810	1
26507037	37
26508381	15
26509179	12
26509369	2
26516210	15
26516867	1
26516869	1
26522552	3
26522697	4
26526876	7
26527058	28
26530409	64
26531387	1
26539394	6
26539744	1
26548520	32
26551529	68
26551652	1
26557412	4
26558202	2
26562374	1
26575078	1
26575260	5
26577862	1
26581931	1
26587584	7
26589934	4
26595340	7
26599920	27
26602131	38
26610130	1
26614516	18
26615042	52
26618765	1
26628954	7
26630982	3
26639809	1
26643625	2
26650146	1
26652340	1
26653348	22
26653684	1
26654097	1
26654807	36
26662893	19
26663749	102
26675859	2
26680464	3
26681387	1
26687986	1
26689951	30
26693758	1
26696168	3
26696267	3
26702968	3
26706381	5
26708471	3
26712042	3
26714505	1
26716567	20
26727748	6
26730195	25
26731726	1
26732453	1
26736928	26
26743142	2
26745548	4
26748658	30
26749455	9
26756293	46
26758825	166
26761691	6
26764547	4
26767408	6
26767942	30
26768275	1
26768336	18
26772455	1
26773740	7
26783295	61
26788257	10
26794684	1
26797139	6
26798421	56
26815515	11
26819438	34
26826032	88
26826692	53
26827924	1
26831060	42
26832780	1
26850420	2
26850443	12
26854025	2
26854649	7
26863129	5
26869437	1
26870034	202
26870831	2
26870928	6
26871007	26
26871523	70
26873807	2
26874394	2
26874532	23
26877144	4
26877307	12
26879361	2
26881394	3
26881765	6
26882846	14
26884886	16
26885972	1
26886183	8
26886551	1
26888339	1
26901774	10
26908976	5
26916085	101
26917568	3
26929642	18
26931359	23
26937603	4
26941088	1
26943603	38
26949287	14
26963583	69
26967517	35
26970115	27
26970604	2
26971627	3
26976456	2
26977863	7
26981720	1
26985599	6
26992363	1
26996744	1
27003508	1
27003795	1
27006066	1
27007136	1
27022210	1
27024702	14
27035647	1
27039181	1
27039826	2
27040851	1
27041020	1
27041025	1
27048117	3
27049479	12
27052762	2
27054264	1
27058156	1
27058328	31
27062675	1
27073414	33
27074464	29
27083837	1
27085821	5
27088364	14
27089284	21
27089359	23
27090510	2
27091760	25
27096151	29
27105154	17
27122804	8
27124520	13
27145735	3
27146169	1
27152891	4
27171162	32
27172716	2
27175121	41
27182637	30
27186978	12
27192539	16
27193779	4
27195864	4
27196756	4
27197763	1
27198149	19
27211608	1
27221107	1
27222491	3
27224789	3
27232969	3
27241469	38
27242935	1
27247535	9
27249479	2
27251099	3
27251463	3
27258744	1
27286452	1
27287788	46
27310067	3
27310513	1
27311720	4
27312396	2
27313681	67
27323779	2
27340186	2
27342322	8
27346661	1
27352490	2
27358084	1
27359780	42
27374183	12
27374238	8
27382163	3
27383462	2
27383798	3
27387287	1
27388642	2
27392543	1
27398446	1
27404191	1
27405567	1
27410275	18
27412259	2
27415685	66
27432101	1
27436450	49
27436800	1
27440142	29
27441121	26
27441508	8
27442967	5
27446716	4
27452807	83
27454562	3
27456226	6
27459467	57
27460436	45
27466548	3
27470349	1
27473387	1
27477457	3
27480700	4
27482640	2
27488848	37
27488963	2
27494663	3
27500243	5
27502619	1
27503825	3
27507850	3
27510315	10
27511599	2
27514711	1
27515613	29
27519800	3
27523092	4
27530546	38
27535396	2
27535965	4
27545696	26
27546098	6
27549019	51
27550292	1
27551693	4
27551774	2
27555776	3
27576132	8
27582804	1
27583674	21
27584093	1
27592490	1
27598583	13
27609596	1
27610253	5
27619584	1
27625425	1
27625438	19
27627407	32
27628865	4
27631673	125
27640677	1
27642283	7
27645128	2
27650355	5
27653621	1
27654303	34
27661570	74
27674107	1
27684398	7
27698159	1
27699683	35
27703983	2
27710155	3
27714504	3
27715529	6
27716248	5
27716553	1
27723379	9
27724512	23
27727916	13
27729116	45
27729880	7
27729907	1
27729926	3
27730883	12
27731269	1
27731966	5
27732028	1
27732479	2
27744828	1
27746301	2
27746341	4
27747508	5
27758092	8
27763442	2
27764811	4
27765622	28
27775666	17
27776551	33
27779913	42
27782596	1
27784785	8
27785546	19
27788471	8
27788951	1
27790033	1
27790443	18
27795112	1
27796788	44
27802833	1
27804716	2
27815832	2
27820618	5
27823188	17
27824636	42
27826359	5
27826728	1
27830346	26
27835638	1
27840184	6
27840307	2
27850085	24
27854486	68
27874380	10
27876171	4
27877173	1
27884585	1
27885612	3
27885801	25
27888295	9
27890669	4
27903721	1
27910564	7
27911088	22
27927984	26
27928238	1
27931142	1
27932959	14
27936087	23
27940263	9
27943074	6
27943640	49
27944397	1
27954927	2
27965134	5
27966694	6
27974526	1
27977987	4
27980281	15
27981533	2
27981808	3
27990160	1
27990251	1
27995806	61
28000838	2
28010520	1
28011326	3
28014525	11
28026249	39
28040758	6
28046339	1
28050478	14
28054380	17
28054492	2
28058560	71
28059353	8
28059374	1
28060246	5
28060688	3
28061353	32
28061676	2
28062377	1
28068726	3
28073153	1
28074962	5
28082853	74
28084642	3
28089885	25
28090700	1
28101522	4
28104084	2
28107852	4
28108305	6
28112474	26
28119786	2
28123883	2
28124429	2
28126416	4
28131018	2
28133905	3
28138406	2
28141386	27
28141388	1
28147949	29
28149027	26
28149409	1
28151709	3
28153163	1
28154320	5
28155823	1
28156066	27
28169736	19
28178928	5
28179339	2
28182521	10
28186324	16
28186451	15
28186507	4
28186592	12
28187338	9
28187929	2
28192167	1
28195272	6
28196690	3
28198595	3
28200583	8
28202609	12
28208222	2
28221116	10
28223616	47
28224373	1
28232337	1
28232663	2
28233590	1
28233924	23
28239298	1
28239455	21
28246472	3
28248872	56
28257573	2
28257836	10
28268588	8
28269754	10
28283593	83
28283932	2
28296767	2
28305374	2
28305425	32
28310991	18
28312534	1
28313768	64
28315131	1
28322529	23
28325739	2
28337396	1
28341355	2
28345053	11
28350534	22
28353284	4
28353322	5
28360868	36
28366058	5
28367476	14
28379187	11
28384386	3
28401521	90
28404370	3
28406657	2
28407613	15
28419663	260
28427311	1
28428341	4
28429622	11
28453253	34
28453733	310
28453794	1
28456615	1
28457823	14
28464320	1
28473628	1
28474637	1
28482346	29
28483712	1
28499921	6
28512514	4
28518679	22
28522972	1
28524244	3
28526952	13
28530868	2
28533537	19
28547391	4
28555606	16
28556914	2
28558604	3
28567703	2
28570113	1
28574623	1
28585874	1
28589709	2
28595879	2
28603227	1
28607452	3
28607958	1
28612154	1
28622882	33
28622961	20
28629518	2
28630778	43
28633742	4
28634263	83
28636705	1
28646041	11
28647218	2
28650038	1
28660348	2
28664922	20
28665556	2
28667530	27
28676110	1
28677072	15
28684150	3
28685529	6
28688657	1
28695436	1
28698446	18
28699769	5
28700900	2
28700914	38
28710753	2
28711005	2
28724827	4
28730928	6
28738447	18
28743601	1
28751632	1
28782747	1
28788036	41
28788055	14
28794048	1
28796010	2
28797787	1
28800891	2
28804670	3
28805028	4
28809173	4
28817135	14
28819218	11
28820362	8
28823015	2
28826050	1
28829187	3
28829212	4
28836678	3
28839373	3
28839817	17
28847653	36
28848517	1
28860345	6
28862683	32
28864313	49
28865026	33
28879227	1
28881630	12
28881692	20
28882452	63
28882767	20
28885266	2
28887613	1
28887852	53
28890185	2
28890371	16
28891085	1
28893470	1
28895195	6
28900548	4
28912393	7
28913584	2
28921936	1
28921939	2
28924109	3
28927963	21
28928522	1
28928917	18
28929339	59
28937998	3
28939564	2
28940127	1
28949681	131
28951223	1
28951925	4
28954234	2
28955570	1
28961590	2
28965387	30
28967021	1
28972792	1
28972854	1
28975347	9
28977089	1
28986110	26
28998004	17
29008402	1
29021828	6
29026137	4
29028775	9
29028889	1
29030781	11
29031987	28
29036740	1
29041906	1
29044844	7
29048891	3
29059102	1
29069174	203
29078997	10
29079907	1
29091156	1
29093018	1
29094509	1
29094765	1
29096746	11
29101258	1
29102547	1
29105270	6
29107539	5
29109209	5
29114266	109
29116601	2
29119125	34
29124001	16
29126334	31
29131296	23
29132110	1
29132312	16
29132770	4
29137950	19
29140945	30
29142071	2
29146289	14
29150668	12
29151022	37
29152941	1
29157870	29
29159012	13
29162693	33
29173740	4
29174627	2
29178282	7
29181709	17
29182167	52
29183527	12
29187878	3
29189503	10
29191309	1
29194887	6
29195280	36
29196628	5
29200449	1
29206040	13
29207621	4
29212157	1
29217138	25
29217912	25
29220290	30
29232820	2
29235385	2
29237849	7
29238981	3
29239000	6
29241814	9
29242638	7
29243773	26
29244300	15
29245683	1
29250115	18
29250952	1
29251733	88
29251742	63
29256180	25
29258811	2
29260601	1
29261058	1
29261473	4
29261868	42
29265238	32
29267754	1
29268631	20
29268739	3
29273568	1
29273803	16
29282066	21
29284501	1
29285893	2
29286224	1
29290473	1
29292392	65
29301872	2
29302186	2
29302791	37
29302922	8
29305294	2
29306978	3
29309276	12
29309557	2
29314835	13
29317658	11
29329884	3
29338627	44
29339645	20
29340227	34
29342484	3
29345564	1
29352487	2
29352569	49
29358744	6
29361660	8
29363579	8
29366386	8
29374766	4
29375948	4
29377344	3
29378455	27
29379065	2
29383909	24
29385710	2
29387738	1
29387790	2
29390209	1
29396735	1
29397711	1
29417074	2
29419958	2
29420074	1
29428253	1
29428344	9
29428721	1
29430202	44
29435316	7
29439342	2
29454455	27
29459213	3
29460579	1
29462085	17
29468662	32
29476400	5
29478177	36
29480053	57
29480568	2
29488328	12
29497314	31
29501260	14
29504192	1
29511948	23
29513149	3
29522350	2
29523080	1
29524362	20
29528352	1
29528579	54
29537009	5
29538104	15
29543139	3
29545557	1
29553492	50
29561741	13
29566286	39
29589268	1
29589577	4
29591602	1
29596415	5
29603014	4
29605369	34
29607348	1
29608496	2
29609157	5
29615409	5
29620400	9
29623856	11
29629333	118
29632751	4
29635934	5
29638969	1
29647386	1
29653587	4
29663479	1
29664276	10
29666334	52
29668967	58
29675401	35
29675417	1
29677279	23
29678255	3
29685535	1
29689999	87
29700396	1
29702213	55
29703871	3
29704274	3
29707775	5
29712916	11
29717930	1
29725718	6
29728912	2
29730832	7
29740360	80
29741510	4
29743986	2
29747946	2
29748109	21
29750222	1
29759522	1
29763346	1
29773174	1
29777381	1
29782198	2
29785421	1
29787434	1
29790707	14
29790927	3
29793740	1
29794055	1
29796344	11
29798293	1
29807428	5
29823614	9
29826717	27
29842231	1
29843361	4
29851193	2
29854750	32
29856568	6
29860775	1
29870621	13
29871122	4
29873130	1
29873202	5
29874861	4
29876751	18
29876931	24
29880501	4
29881173	41
29882024	26
29885398	2
29887499	1
29889288	52
29889831	2
29890166	6
29891188	5
29891418	2
29891455	17
29904622	1
29906208	21
29906215	29
29910697	1
29912660	1
29913496	5
29914867	1
29915222	2
29915977	53
29917715	2
29922066	2
29922838	18
29925401	10
29925961	83
29929866	1
29933736	30
29935622	1
29939014	4
29941808	9
29948156	2
29950228	8
29950629	18
29956340	1
29962877	47
29963591	2
29968503	29
29974735	4
29975788	3
29978343	1
29985633	24
29986727	11
29988055	31
29989592	2
29990068	7
29990086	1
29990778	4
29996513	2
29998842	10
30000170	3
30000252	34
30004057	1
30011774	3
30013496	25
30013849	1
30017715	2
30019026	13
30023873	11
30035812	35
30039066	2
30041719	4
30043131	3
30046830	48
30051348	3
30056447	29
30056468	2
30067547	6
30072701	1
30077162	1
30077269	1
30077419	1
30089538	17
30092893	4
30096470	78
30096826	17
30097746	1
30099680	26
30100099	7
30111335	2
30111875	11
30111877	1
30111969	7
30112300	13
30113785	3
30116248	1
30120110	3
30130809	1
30160313	7
30160680	2
30161665	1
30162008	10
30163039	4
30164806	1
30171828	4
30175039	94
30175916	4
30183477	1
30185757	49075
30197938	2
30198400	4
30199913	27
30206593	7
30208175	3
30210846	5
30212825	1
30212992	1
30213884	32
30214678	1
30215630	17
30216777	13
30216785	42
30216823	16
30228025	4
30229326	40
30232082	19
30237405	157
30238090	1
30239268	41
30240067	1
30242992	42
30244462	1
30247023	19
30247733	3
30252938	5
30253357	47
30260406	3
30281152	2
30288112	3
30288456	2
30288774	1
30290312	1
30291090	2
30296685	29
30308932	4
30310157	5
30310864	2
30313460	4
30314613	1
30314796	20
30316427	1
30320099	44
30322647	1
30325550	54
30330372	42
30333496	1
30347216	39
30347679	7
30350343	1
30353581	7
30354986	7
30359229	6
30361961	23
30362909	18
30370617	10
30371889	55
30374837	29
30378060	2
30379674	36
30382555	1
30388450	31
30388638	22
30390718	11
30404237	1
30405136	2
30410520	26
30416921	22
30418255	2
30419778	1
30420185	62
30423397	1
30423443	6
30424284	43
30426019	1
30430269	7
30431428	4
30432982	3
30440379	56
30449481	23
30459152	3
30459428	34
30467602	38
30484806	1
30489908	1
30494192	1
30498412	5
30501286	4
30521489	4
30524138	4
30525892	8
30530071	3
30532140	4
30533398	5
30538877	12
30539592	4
30541396	14
30552514	43
30556261	50
30561160	13
30561727	5
30562287	11
30564046	14
30565155	9
30566154	26
30566943	4
30574887	1
30578022	1
30579467	5
30586305	3
30589550	1
30594072	24
30594523	2
30595510	6
30598084	1
30598108	1
30601121	1
30604159	5
30609960	1
30610871	1
30622455	28
30622920	2
30627416	14
30631384	32
30634542	5
30641046	1
30641659	1
30648603	1
30649960	1
30651839	10
30652552	42
30653339	5
30655979	5
30656192	1
30656817	14
30657636	1
30658923	19
30662924	1
30672740	2
30677692	1
30691273	23
30704942	21
30706461	1
30710805	1
30711774	5
30719638	24
30720952	18
30722866	8
30751591	1
30753733	6
30758999	2
30760754	2
30767797	2
30771015	1
30772672	32
30787715	1
30791823	8
30799431	1
30804448	3
30808194	1
30808587	4
30816603	16
30822099	2
30822337	3
30831843	2
30837643	4
30841134	1
30842703	18
30851051	1
30865179	3
30869863	11
30875267	33
30876709	1
30876808	1
30880219	1
30883519	23
30883796	44
30884984	5
30886617	6
30887378	30
30887881	1
30890266	58
30892477	2
30895982	3
30896610	1
30898542	21
30902953	12
30903495	26
30904895	24
30917640	2
30921526	85
30922368	1
30923102	42
30924842	1
30925428	2
30930936	26
30935231	12
30936150	10
30940272	37
30958944	63
30959449	15
30964392	54
30967451	35
30968293	10
30976508	5
30981871	11
30985462	1
30985840	2
30988606	17
31000856	1
31006158	327
31009853	35
31017337	85
31018716	31
31028662	32
31032158	42
31035247	19
31038255	1
31038378	8
31039472	51
31046054	2
31054058	4
31064279	1
31066593	42
31066717	1
31068350	4
31068541	1
31070202	2
31071821	14
31074623	1
31075671	1
31077135	6
31078007	1
31086367	1
31089461	2
31114746	5
31119561	1
31124054	2
31129978	1
31145213	3
31150535	7
31150888	1
31164943	1
31167560	43
31169720	1
31171598	33
31193367	7
31203288	2
31207301	2
31207941	4
31208500	1
31210625	1
31211054	20
31211061	9
31215230	52
31216782	1
31217439	2
31221282	1
31235783	33
31244986	5
31246292	1
31249402	7
31256533	45
31260699	35
31260785	24
31260860	26
31261671	2
31267047	2
31270208	3
31270514	2
31272823	2
31275512	8
31284947	4
31285570	5
31285942	10
31288958	13
31292536	3
31293240	1
31293245	1
31296125	17
31305253	3
31305508	1
31309095	1
31312528	1
31313341	17
31315021	40
31315121	17
31315581	12
31316356	23
31320841	44
31322622	15
31323121	2
31323426	3
31326403	1
31331101	1
31335300	2
31342263	23
31351213	37
31363041	27
31376029	13
31378406	2
31378968	43
31379612	19
31379631	82
31382470	38
31384607	26
31385127	1
31385838	4
31391984	1
31399389	1
31399597	30
31404632	1
31404980	24
31406230	18
31409916	36
31423016	84
31432509	32
31440025	1
31440605	12
31445069	4
31449758	2
31450442	1
31455126	8
31456330	1
31477695	34
31478316	2
31489824	12
31492490	40
31494227	1
31494383	44
31504491	8
31506829	21
31518667	4
31524768	3
31528657	1
31530807	2
31533997	2
31536112	1
31544129	1
31549380	16
31550315	1
31551932	4
31556434	1
31579007	2
31586617	3
31589741	1
31590736	22
31592796	3
31595164	1
31596194	36
31596861	7
31604901	1
31606111	1
31606510	23
31609901	2
31617364	12
31624713	2
31625029	3
31632536	3
31646449	39
31656020	1
31659554	17
31661469	5
31663949	3
31668757	6
31670909	53
31672902	47
31678130	2
31678154	7
31679498	1
31680332	8
31681575	6
31700962	1
31717051	3
31720714	14
31733947	1
31737623	3
31737712	1
31746003	34
31751857	7
31754199	19
31764022	11
31764172	56
31769954	1
31773272	5
31777470	4
31782137	1
31785239	5
31785713	3
31795341	4
31795654	15
31804846	3
31810895	7
31811658	34
31814891	1
31819766	8
31829770	2
31830551	2
31845395	10
31849407	1
31856692	1
31866997	61
31869154	36
31871758	1
31901253	3
31902801	10
31907909	1
31911336	1
31912519	8
31917832	28
31918222	1
31919195	2
31921136	16
31925313	8
31930999	54
31936600	7
31941241	2
31942738	2
31964797	1
31974545	8
31976268	1
31976777	10
31979038	4
31981526	16
31985425	16
31994448	6
31997130	1
31999455	4
32020533	2
32021594	58
32022044	2
32026925	2
32027352	33
32031269	24
32031502	1
32032028	5
32043598	12
32045445	19
32051890	2
32066248	2
32066393	3
32069595	99
32084673	6
32091173	4
32095577	2
32096083	8
32096631	2
32098074	46
32104924	6
32105525	3
32105887	1
32106837	14
32110415	2
32122597	15
32128459	1
32129096	2
32131850	1
32140396	1
32144149	1
32146399	30
32148604	17
32153523	8
32155630	2
32156383	9
32162758	130
32163555	20
32164751	20
32166571	1
32166773	5
32169193	3
32169668	2
32177271	30
32182811	48
32197485	22
32201285	34
32201325	1
32202720	4
32204250	1
32207362	1
32211548	8
32214785	1
32217455	17
32219677	2
32224035	1
32225660	1
32231207	1
32232341	5
32238433	2
32247847	2
32249719	5
32269001	2
32271212	3
32284972	3
32290526	23
32298051	1
32313713	1
32317959	1
32320252	9
32321532	4
32324514	1
32324664	7
32330529	1
32334227	2
32337782	1
32344265	1
32345949	1
32346001	1
32352756	2
32376872	1
32379260	6
32381703	2
32386036	3
32388834	29
32392010	36
32392996	9
32394262	18
32394848	6408
32395793	3
32398083	44
32398965	1
32403249	3
32403967	9
32405591	35
32407464	1
32411368	27
32411454	1
32422113	1
32422808	1
32434683	3
32436741	1
32438240	1
32447747	10
32449981	5
32450069	28
32451122	1
32451549	124
32464563	19
32465472	4
32467098	1
32472065	1
32481543	22
32483484	2
32484381	1
32486778	3
32487763	3
32488688	1
32496778	1
32498704	1
32500265	3
32500369	5
32504509	1
32512635	13
32514669	1
32520034	9
32521417	60
32523542	2
32526744	9
32542624	12
32542977	1
32545743	2
32546897	1
32550106	1
32553922	2
32555425	1
32559905	1
32573437	29
32575663	7
32578467	3
32583868	24
32584444	18
32593630	4
32593928	2
32598942	44
32600951	2
32603842	11
32610203	1
32621856	25
32623844	4
32627766	1
32634405	8
32636176	70
32654500	5
32661937	1
32663725	8
32665964	2
32689932	11
32690936	2
32696793	2
32697425	1
32704748	2
32707129	1
32710456	37
32714897	8
32721618	15
32734884	11
32739388	3
32742922	26
32746219	5
32748072	1
32749778	1
32753016	1
32757227	1
32758266	3
32761091	1
32773265	1
32774942	1
32787174	5
32789259	1
32792088	1
32796067	5
32804992	1
32819225	2
32819266	1
32823958	11
32825584	2
32829432	21
32829630	1
32831821	1
32836701	1
32839544	1
32841259	20
32848140	3
32853405	2
32854024	172
32866454	1
32873313	1
32873485	49
32873631	1
32875627	2
32877020	2
32881914	5
32884975	4
32890693	7
32894178	9
32897760	1
32899264	3
32908944	6
32916096	10
32919066	4
32921053	1
32921736	1
32923449	5
32935674	7
32935706	63
32935729	54
32935745	7
32944298	6
32947292	44
32950120	5
32950650	4
32951397	1
32951609	3
32953007	25
32954411	1
32969220	2
32973467	2
32979234	1
32979266	30
32981459	4
32981525	2
32987989	1
32993622	2
32993709	38
32995588	2
32996313	6
32997039	2
32997061	7
32997564	16
32998261	2
32999152	45
33000337	1
33000490	2
33002889	30
33005433	2
33006732	12
33013917	1
33014811	2
33015583	2
33017149	1
33025729	2
33041393	1
33041722	2
33055929	1
33056374	3
33066062	11
33071776	1
33078138	34
33081860	20
33086103	1
33086805	58
33087133	1
33088691	26
33099290	16
33113096	2
33120052	1
33120392	3
33120453	129
33127716	13
33140918	4
33141100	1
33146693	9
33149177	51
33154212	9
33155818	1
33170944	2
33174074	1
33178339	17
33182993	49
33183004	27
33185377	8
33185433	1
33189478	1
33189733	4
33190852	10
33193812	1
33205137	1
33210754	2
33213527	61
33217151	7
33225164	21
33233148	11
33236143	1
33246127	16
33253174	6
33254196	108
33256388	4
33257894	24
33258973	1
33263118	6
33264452	34
33265971	2
33293613	5
33305424	1
33314136	7
33323602	2
33324427	2
33327754	1
33336280	20
33338468	1
33339660	12
33354438	6
33357328	1
33360677	1
33361215	2
33367544	15
33369437	41
33373072	1
33382231	1
33389183	20
33396594	3
33401957	1
33407833	2
33415384	48
33421022	2
33423841	2
33426538	75
33435422	22
33442556	36
33455452	12
33458750	1
33464875	3
33467707	1
33468397	2
33470245	8
33483970	1
33486016	17
33489346	42
33494287	2
33500788	2
33506056	2
33507356	4
33508795	167
33515504	4
33521321	9
33525565	1
33529410	1
33530534	1
33535588	1
33539856	25
33541887	1
33557791	7
33559148	19
33560779	59
33562436	1
33569135	7
33570206	1
33574907	4
33577269	15
33578240	2
33600732	1
33603292	1
33605063	22
33605302	2
33614304	1
33619219	1
33630825	6
33632247	49
33634359	2
33634731	7
33635520	27
33635700	8
33639946	6
33649217	1
33653601	2
33659435	4
33659492	1
33664893	5
33666094	2
33668567	42
33671107	4
33672481	1
33678290	2
33682693	14
33684032	2
33684785	2
33684818	27
33684852	4
33685026	9
33686686	5
33687207	5
33690587	3
33692780	1
33705347	2
33707511	1
33717916	1
33718145	1
33719320	11
33721890	39
33722546	1
33724410	4
33724799	1
33725284	28
33729332	1
33729445	45
33732941	1
33733873	1
33740196	12
33740468	24
33745038	1
33745170	3
33745341	1
33755123	65
33755552	3
33757805	1
33762090	5
33765491	1
33766371	12
33768009	4
33770699	1
33781179	1
33784208	2
33784533	12
33787591	3
33789738	2
33791453	26
33791743	2
33796329	8
33822851	38
33823684	17
33829862	1
33851326	1
33857651	3
33866783	19
33870540	3
33872272	8
33872776	1
33880292	7
33884891	14
33888697	7
33889464	16
33890684	1
33895378	2
33897199	1
33903775	3
33907815	1
33911214	16
33914260	1
33916850	2
33917970	3
33920671	2
33920958	2
33928671	13
33933892	2
33934446	3
33935620	1
33935699	1
33936204	2
33947548	2
33955225	4
33957962	1
33965866	1
33966235	1
33982609	2
33985005	8
33994380	2
34000996	15
34002088	3
34006010	32
34007834	36
34008153	6
34010061	5
34012403	4
34014069	2
34021217	26
34022393	2
34023787	1
34024678	61
34027663	4
34037292	6
34039690	2
34044841	1
34046340	2
34050418	5
34056196	1
34062225	2
34077573	5
34098300	1
34105868	7
34119431	1
34119446	1
34120387	1
34122184	8
34122335	10
34122974	18
34129770	43
34136406	54
34138622	2
34139663	1
34150685	2
34161579	3
34163640	16
34170745	4
34179396	1
34181517	1
34197379	2
34205730	11
34214734	1
34223703	243
34224001	1
34224703	30
34225328	10
34225482	4
34225873	46
34225952	63
34226344	3
34226674	13
34229765	4
34229920	18
34230012	3
34230134	11
34230154	2
34230259	48
34230312	19
34230566	10
34230666	253
34230888	409
34232540	197
34232637	20
34232731	14
34232916	12
34232958	22
34233360	226
34233391	22
34233500	229
34233680	23
34237013	1
34248856	1
34262290	5
34264106	3
34268799	2
34275045	1
34275705	4
34279409	103
34282926	43
34289951	10
34293060	22
34294743	29
34313594	1
34334720	35
34338551	29
34340650	4
34344902	32
34348490	2
34351616	10
34353535	54
34356619	10
34356899	3
34357242	1
34358654	43
34359875	20
34383946	3
34387522	1
34389248	7
34392023	35
34396268	50
34404866	3
34407651	2
34409518	1
34413610	11
34461036	2
34464442	2
34465642	1
34469544	5
34478922	1
34510688	15
34515034	2
34526884	8
34542634	32
34546298	25
34549247	1
34552829	1
34579480	4
34579507	2
34586916	3
34588529	3
34602639	2
34610048	7
34613881	1
34613911	1
34613928	1
34613938	1
34623745	2
34624998	1
34626102	1
34628321	6
34641785	70
34644570	2
34654210	55
34654348	53
34659664	44
34660216	3
34668029	2
34668101	7
34668370	16
34673946	7
34674855	1
34678084	1
34686570	28
34687928	7
34689810	2
34704105	163
34725861	59
34731455	2
34753721	43
34761715	2
34769044	1
34777095	11
34777562	4
34786289	14
34786903	1
34793094	15
34799858	1
34801867	3
34808241	8
34815006	1
34815037	14
34815647	2
34817922	23
34822474	10
34824538	2
34839383	4
34847907	4
34851284	29
34863478	2
34864402	2
34871138	5
34875681	4
34875777	3
34882260	3
34899242	2
34907666	1
34909549	101
34916677	4
34921116	6
34927706	8
34931316	2
34933072	2
34945600	1
34945778	16
34950583	1
34955357	11
34979578	2
34982189	31
34993481	1
35001420	4
35003822	1
35014743	1
35015112	1
35015510	20
35018396	4
35026969	3
35027026	1
35029011	9
35030215	5
35030283	2
35033450	1
35035252	1
35038011	2
35038415	33
35040362	1
35047072	1
35051490	27
35065114	2
35075268	20
35079964	23
35084888	4
35088430	5
35088538	64
35102223	4
35107131	3
35114205	65
35117428	8
35123886	1
35138604	2
35155595	6
35162817	11
35163301	2
35168789	1
35171002	1
35175824	1
35177076	1
35185578	11
35206972	9
35210580	3
35211188	6
35213370	1
35214502	6
35217675	2
35229304	1
35233736	29
35233843	8
35234698	1
35242228	21
35244385	2
35257631	57
35275064	1
35290187	12
35301048	1
35303752	1
35304390	11
35307583	10
35309137	1
35317492	1
35342587	8
35351010	4
35365803	41
35368384	1
35368469	4
35378524	3
35409090	2
35440649	7
35443111	1
35455703	2
35457404	2
35467512	2
35469223	27
35477331	1
35481491	7
35487094	4
35491426	1
35495094	24
35496971	19
35497990	25
35501081	1
35514054	1
35515707	8
35515847	2
35517126	1
35524468	1
35545853	7
35562367	4
35562993	2
35563024	12
35564394	1
35569321	8
35573493	1
35574796	1
35589720	5
35589848	1
35594963	1
35600361	4
35610806	1
35623373	11
35624459	10
35637132	12564
35637571	1
35639490	32
35640229	2
35640493	2
35653603	2
35662043	42
35677027	1
35683094	1
35692286	12
35694226	19
35707182	32
35721426	2
35725079	2
35726310	8
35726772	1
35732214	5
35739817	4
35743088	1
35748065	2
35766560	9
35775353	2
35777460	1
35778258	3
35780977	2
35791480	13
35810200	43
35812583	8
35820728	1
35822470	1
35827831	4
35829574	5
35831213	1
35849749	1
35859018	22
35866694	29
35870639	4
35887251	1
35900874	7
35914020	1
35923881	1
35963136	17
35968578	21
35978199	19
36010734	5
36019977	3
36044148	1
36048128	1
36050721	1
36050777	2
36057260	1
36057743	1
36059438	23
36060204	5
36065708	2
36069374	13
36069920	3
36072810	1
36074217	11
36080785	12
36081560	3
36100803	1
36102020	3
36114400	2
36115621	1
36163522	5
36196592	1
36197611	8
36204816	1
36215083	24
36219866	1
36228231	3
36231837	2
36232010	1
36236297	2
36280728	3
36289937	10
36291514	9
36296643	1
36297214	3
36299209	6
36299827	1
36305724	2
36311795	3
36314634	1
36316259	4
36335174	4
36335572	4
36337394	1
36349344	1
36363136	10
36367230	1
36371959	9
36373300	3
36373515	16
36393490	1
36398343	2
36405476	1
36423883	3
36449868	1
36450965	9
36454957	7
36463352	16
36489042	1
36489802	1
36495646	8
36510047	1
36521942	12
36522703	2
36534747	16
36535156	14
36535637	24
36543009	2
36570161	6
36580770	2
36606153	1
36611305	2
36611322	3
36632102	2
36633370	2
36661523	2
36664153	1
36674234	4
36675403	9
36685189	5
36723985	14
36732493	4
36737999	4
36747016	3
36753839	12
36754402	1
36758056	18
36763523	3
36781769	2
36787638	2
36788656	2
36799074	6
36800456	1
36803364	2
36804927	2
36816925	1
36817565	4
36821218	6
36825823	7
36827699	1
36836475	3
36840131	2
36852343	2
36859608	34
36871385	4
36876641	1
36903368	9
36914478	19
36915747	1
36930252	5
36952387	2
36960293	1
36960321	1
36963616	2
36970603	1
36972937	1
37000492	1
37038578	1
37060852	10
37069077	8
37074194	2
37074635	7
37075508	6
37078656	13
37079565	11
37081145	2
37085010	1
37087063	2
37104400	5
37128972	1
37136244	1
37146622	4
37148122	2
37158489	1
37188850	4
37206505	1
37246537	1
37272584	9
37272599	6
37291353	26
37314717	4
37316577	1
37330092	9
37340420	1
37342150	5
37343900	2
37344798	1
37346186	1
37357543	1
37366973	9
37370658	1
37372629	3
37379872	2
37393279	1
37412410	1
37426721	1
37448451	5
37450678	1
37454434	1
37484557	1
37489525	7
37503843	5
37526090	2
37527063	10
37552846	108
37572134	1
37579170	58
37579734	5
37580569	7
37587238	1
37598169	1
37606943	2
37611928	1
37620606	1
37620743	5
37626670	9
37635799	1
37636654	1
37674339	1
37690762	1
37691314	7
37695418	718
37724576	15
37730180	1
37730245	1
37732356	1
37743219	3
37744249	2
37748937	5
37793162	5
37793170	3
37829238	4
37830760	7
37845932	10
37849969	2
37860317	2
37887426	1
37888362	2
37906580	1
37907177	4
37919514	2
37927712	1
37931301	1
37934493	1
37934828	1
37943581	1
37954750	1
37974276	1
37981070	4
37987406	1
37988993	8
37989794	1
38003518	1
38024515	1
38052207	1
38098982	4
38174398	3
38203514	1
38232091	3
38242554	1
38250483	1
38256238	2
38261575	1
38278075	1
38290488	1
38298912	1
38302322	3
38304949	1
38311906	1
38329408	3
38330224	1
38335220	1
