27	108
3314	138
5625	35
8393	32
8514	671
14507	20
18294	123
19438	73
20724	86
21692	131
25545	440
26554	186
35649	4
36502	27
42376	45
44462	50
47087	17
47476	4
49515	29
54084	186
65252	118
65646	96
65830	139
65832	123
65870	43
65923	203
72690	100
84009	26
85953	33
86149	27
95456	1
101248	113
107202	455
107872	143
108050	87
108110	812
108125	72
108278	197
108289	31
112633	2
117646	105
119854	159
123235	24
123299	2
128476	18
129295	73
130013	139
133684	6
138635	132
142609	266
143131	248
143580	7
145744	28
150294	135
152179	211
153204	138
155815	43
157985	173
158617	43
167174	58
168370	1105
172153	81
175623	139
184366	144
184460	49
188759	49
192904	64
203666	71
206084	2035
206317	514
206387	185
206412	146
206444	374
211588	36
211666	14
212862	34
220164	155
228094	120
229070	121
232390	161
233792	224
237159	20
237904	38
238492	1240
238972	59
238983	32
238986	37
245541	6
247278	1358
247909	447
248523	42
253476	167
255478	120
256164	144
261943	30
263379	50
265995	140
271714	18
272173	118
273602	377
274782	52
285304	89
285722	82
286066	18
291137	19
297058	196
299271	104
301742	43
302322	952
308770	27
309009	57
310611	130
312262	158
313419	18
316712	63
317757	29
317887	2196
317888	320
321278	134
324747	73
328597	55
330275	4
332545	31
345280	28
345337	253
347655	318
349241	36
353561	30
353685	41
355634	25
356066	370
356756	7
361310	17
366441	157
374927	34
375152	49
385586	27
387520	2
388113	28
390217	9
393047	9
393344	221
401025	13
408338	712
437011	65
441269	17
441543	250
447036	10
447184	23
448045	79
454214	86
455600	641
455831	6
456930	66
458058	59
460078	173
461209	57
462292	7
465681	32
467471	40
471732	82
476179	50
478584	56
478996	29
481872	89
483659	10
485108	121
486298	13
487492	13
488514	91
489645	132
498850	77
500795	119
502760	119
507123	54
507569	133
507610	144
507775	952
508845	1
509028	6
509575	248
512295	52
512298	33
512679	37
514380	31
519832	107
521583	27
524820	342
526028	24
527644	18
529502	109
537699	169
541983	180
557980	11
569041	227
570570	11
571770	172
574877	30
576201	7
578384	27
578839	141
579738	102
579842	3
581356	29
596892	36
597879	121
597887	38
602890	9
606956	52
610415	40
611921	53
612230	39
614070	72
615969	82
618492	41
622127	56
631615	231
632112	743
639921	102
640534	168
641512	45
641525	359
641729	26
644423	99
648332	70
648414	36
652386	27
655492	15
656494	237
656720	345
658518	129
664301	11
666566	19
666888	481
667006	116
669174	29
671825	123
672715	157
677781	40
684382	55
686868	11
689344	2878
690903	65
692528	65
697520	26
698041	86
701765	107
702550	56
705634	39
711079	11
712530	75
714074	139
715366	2
715547	220
715605	33
721054	43
724020	229
724712	688
728994	10
729744	305
732593	284
733019	315
734934	26
738250	25
744916	86
745749	113
747698	25
748030	94
749137	46
753784	56
755200	55
756856	189
757363	34
760165	89
762119	83
764708	235
771016	2
779996	65
780341	1
781544	5
790019	94
790031	633
790359	234
791299	481
791477	20
791611	765
791640	28
792833	85
800441	40
800928	181
805461	26
806201	31
810796	42
812393	43
816197	23
819907	106
825741	48
827590	105
827722	133
832676	141
833839	449
835507	155
835535	660
841835	146
842037	7
843222	184
843358	53
847885	2
847957	81
858127	285
862601	88
864806	63
865250	21
867564	122
869096	217
869754	160
873328	371
879116	34
880770	36
885517	26
885616	11
886774	2
888060	517
888427	65
890377	91
892275	50
901025	56
901277	131
901662	141
904641	262
907410	33
908607	127
910744	140
910752	231
910757	68
911765	5
911980	165
914985	38
915844	49
919161	316
924551	64
926544	1
927442	455
929845	1
930224	238
930571	53
931033	17
931039	33
931135	61
931255	80
940538	48
942931	16
943149	2
948661	193
949129	128
952189	71
956827	45
957012	48
959908	2
960233	55
961036	135
961733	210
964174	99
966583	95
968839	12
976994	41
979480	83
980970	5
984345	127
984742	48
990281	41
993110	43
1006445	55
1019473	178
1020639	92
1028340	39
1031235	59
1039520	541
1049088	29
1049095	149
1050944	177
1053270	51
1053964	61
1056713	2
1059929	35
1062897	32
1064563	186
1067525	106
1068018	85
1069569	369
1071489	351
1076898	185
1081665	3
1084114	96
1085124	6
1086798	36
1090311	113
1093060	175
1095228	91
1099265	152
1103607	164
1105519	61
1125389	38
1125630	130
1128600	67
1129337	161
1135454	55
1138583	71
1147463	630
1148753	369
1151051	80
1172597	20
1175581	111
1181927	192
1181972	135
1185279	73
1194211	7
1197206	64
1200050	16
1204214	9
1206024	1
1208360	334
1210071	174
1213225	115
1217614	406
1219740	90
1222504	760
1222592	304
1223855	75
1234714	199
1235485	98
1235740	61
1237874	4
1240382	63
1241677	837
1254497	117
1257070	181
1257080	69
1257084	253
1257087	89
1258570	1049
1264336	20
1272129	145
1272666	52
1278128	56
1279434	213
1280180	787
1283503	37
1287028	33
1287727	414
1287859	200
1288626	221
1291410	87
1299359	88
1300564	1
1301584	176
1304738	102
1305114	38
1314300	17
1314319	1290
1317787	189
1318892	10
1322284	74
1322330	73
1322545	6
1325546	23
1325549	952
1325649	618
1326671	22
1330256	49
1333343	170
1334821	5
1334924	79
1338040	48
1338813	3
1339922	130
1342470	126
1342620	266
1349775	4
1352520	107
1357796	4
1358940	579
1362490	42
1365306	45
1370858	116
1374101	91
1374129	79
1377037	671
1377239	679
1380117	1
1381673	65
1383170	48
1385122	106
1385890	62
1388245	12
1404690	103
1409811	357
1413319	62
1415827	37
1418150	80
1419138	71
1420053	59
1423099	266
1424470	5
1425437	52
1428040	141
1430051	701
1431547	107
1434550	59
1438007	4
1439473	29
1439738	3
1440272	26
1441721	80
1446467	12
1446500	202
1449773	225
1450115	139
1451352	26
1460385	147
1461609	107
1462077	58
1463490	368
1464380	111
1464595	138
1465033	49
1477472	6
1483572	33
1490568	92
1509011	47
1510809	35
1512901	33
1514950	67
1517414	47
1524644	97
1524684	19
1529160	5
1530481	137
1533568	1
1536544	8
1548202	507
1553753	217
1553758	334
1560597	288
1563281	46
1569073	10
1570020	19
1571820	81
1572659	1
1574212	50
1576831	17
1579990	2
1580036	127
1580851	14
1581769	41
1584339	184
1593053	86
1596580	248
1597789	65
1599151	42
1602660	149
1604375	47
1606074	4
1607357	13
1610564	524
1613176	152
1614137	4
1614410	757
1616402	275
1616665	190
1619457	1
1622872	11
1625491	158
1625986	153
1626780	29
1644196	818
1644676	13
1653882	9
1660918	105
1661758	52
1663468	93
1663890	87
1666784	49
1666821	3
1671811	238
1674792	125
1677407	41
1686613	110
1687351	135
1689448	181
1690480	769
1690517	69
1691187	3
1698809	56
1701384	79
1701968	27
1723986	15
1725199	68
1738725	17
1740040	210
1740059	123
1745807	776
1751775	37
1756711	83
1760792	191
1761476	173
1764646	175
1768238	19
1775980	72
1779181	3
1786560	1
1787757	21
1790564	10
1801829	299
1803961	1673
1807581	34
1811965	24
1825913	77
1826128	255
1828795	25
1836229	68
1836255	76
1841284	2
1844251	60
1847706	79
1854188	6
1858510	409
1859479	64
1859793	87
1860560	113
1861458	11
1863329	32
1864099	91
1864151	33
1864194	33
1864226	15
1864233	38
1864363	134
1873841	6
1873881	150
1885237	12
1888891	137
1890900	44
1897370	222
1903522	780
1904156	299
1911523	124
1918677	25
1920851	2196
1920949	320
1921247	186
1921504	259
1922169	46
1922200	71
1922374	21
1923779	64
1923800	127
1924458	261
1925095	114
1925148	89
1925520	82
1925655	72
1925908	80
1926534	65
1926698	145
1938370	86
1939769	57
1942549	101
1959076	29
1966390	50
1971451	158
1975671	17
1979797	119
1981746	114
1981821	47
1984460	238
1987576	88
1994469	29
1996077	13
1997671	144
1999692	38
2003641	4
2006302	163
2006495	4
2006876	18
2012231	46
2014929	50
2019791	78
2028724	252
2029185	181
2030681	60
2031428	32
2031640	41
2034023	37
2034526	11
2034867	14
2040856	100
2044033	32
2045207	338
2046192	97
2048269	187
2050163	117
2051452	377
2052629	176
2055965	9
2056634	108
2060910	2798
2067253	118
2070482	85
2073049	63
2080922	224
2081289	118
2090899	1
2090979	67
2092983	2
2094401	117
2100564	12
2101031	1
2108481	21
2109786	5
2113067	210
2113510	35
2126244	170
2133437	38
2138392	117
2141186	130
2142250	1
2147447	109
2149695	97
2155157	103
2156455	234
2156559	140
2158534	239
2158982	66
2161031	165
2163263	54
2164979	83
2165383	40
2166420	131
2168780	238
2174666	77
2179920	383
2180048	20
2180736	97
2181257	7
2183193	199
2185934	55
2193032	138
2196186	199
2203645	120
2207789	1
2209077	216
2212385	25
2232731	59
2233998	34
2234863	129
2236146	261
2253830	33
2255947	60
2262874	49
2263742	150
2267558	488
2269868	64
2272939	214
2275553	69
2278445	27
2287140	75
2293158	352
2296970	43
2301574	170
2302803	52
2303178	41
2304420	79
2304599	36
2304783	10
2304962	40
2309696	73
2310495	532
2317369	1125
2319498	165
2325298	185
2325416	47
2328181	1579
2331534	43
2338086	17
2339555	94
2340549	309
2341302	36
2349728	39
2350412	159
2352744	101
2354240	10
2356406	202
2357747	84
2357859	51
2360755	68
2363097	98
2363832	3
2365549	8695
2367681	27
2370458	197
2373365	9
2377477	60
2381732	63
2382336	66
2386778	208
2389172	132
2389274	122
2395672	649
2400289	558
2400847	166
2401217	75
2410676	58
2416064	162
2418592	17
2421610	74
2425199	156
2436255	5
2445970	226
2446718	223
2452759	127
2459172	15
2461945	5
2464156	48
2464908	170
2465723	5
2466955	20
2468290	43
2476162	16
2478263	77
2479886	84
2480286	75
2481963	12
2488436	43
2489216	903
2490468	95
2491877	32
2500088	336
2504560	12
2505791	131
2508083	58
2508768	218
2516243	1
2517120	223
2521861	38
2524488	231
2525042	13
2526173	142
2527828	29
2528254	30
2528259	31
2528278	27
2532922	75
2536145	85
2541704	41
2543687	650
2546562	19
2556327	260
2558636	76
2560988	49
2565137	36
2567844	169
2573058	101
2577235	354
2578543	131
2579314	32
2584777	92
2594116	554
2598605	152
2606211	131
2615451	57
2627116	41
2629302	83
2636759	117
2649031	137
2649214	6
2651887	297
2651948	51
2656556	77
2665040	85
2665166	464
2665618	168
2666605	72
2671513	254
2674774	231
2675949	42
2677676	40
2681994	20
2685841	187
2686502	279
2686767	69
2688907	109
2695844	61
2697139	6
2698821	6
2699935	57
2701888	63
2709026	107
2709641	45
2715933	150
2717549	146
2721373	93
2722709	2
2723178	32
2724167	3
2731301	237
2734482	42
2742622	56
2750721	44
2751199	160
2751440	183
2752170	121
2752522	134
2756223	39
2766100	5
2776635	54
2780345	39
2782691	8
2784782	183
2788503	90
2790220	200
2793788	56
2802565	38
2809086	2
2810292	28
2812668	59
2819705	3
2822954	145
2827177	145
2828239	191
2833537	22
2847387	184
2854337	16
2857373	21
2866041	38
2867982	26
2868327	136
2874972	49
2875825	3
2880469	104
2881111	311
2882118	106
2883574	137
2884111	14
2885436	137
2889230	35
2889328	679
2890621	43
2892177	116
2895869	77
2898846	33
2907031	152
2909429	6
2911292	1
2913389	65
2918806	49
2923105	152
2928944	100
2931111	23
2932773	87
2933469	98
2934254	30
2935735	99
2940635	5
2944302	7
2948949	2
2950981	18
2965621	14
2966241	315
2967233	81
2968000	60
2974730	34
2975643	149
2983241	7
2986762	37
2988101	327
2990192	181
2997204	5
3006066	76
3006455	143
3007569	51
3010630	84
3016562	242
3016640	37
3018212	11
3019537	261
3021325	152
3022687	128
3028364	246
3030065	50
3034889	40
3035586	15
3038446	581
3038937	155
3039183	957
3039703	325
3040675	27
3041962	4
3055234	2
3070367	191
3073296	19
3077654	158
3100121	24
3102131	92
3116751	2
3122202	166
3123604	133
3130403	44
3135721	4
3145660	146
3146558	2
3147354	13
3149845	1021
3149948	37
3156820	2
3161786	196
3167000	51
3180598	91
3180628	354
3180673	383
3192691	8
3193843	92
3195124	60
3200859	151
3204437	156
3205485	39
3207878	137
3208640	64
3208991	317
3211201	218
3214406	8
3217621	937
3224614	1
3228363	70
3228505	631
3234987	676
3238243	181
3239063	408
3245790	12
3254877	201
3272632	467
3276945	288
3287301	2743
3287353	1184
3287453	235
3287516	782
3291848	58
3299208	326
3301400	85
3302872	1
3305384	133
3305584	5
3308958	2
3311711	109
3316237	13
3319769	83
3326050	13
3328290	1083
3330745	87
3343704	41
3346849	75
3348394	23
3351871	136
3376848	108
3382195	9
3386088	50
3388498	69
3390243	613
3392244	33
3393127	233
3395179	415
3400393	137
3407135	63
3422304	9
3429490	229
3431193	427
3432266	531
3444030	20
3447593	47
3449791	26
3451238	14
3455070	19
3456407	9
3462772	69
3463903	30
3466769	25
3470471	14
3472187	26
3473767	49
3476845	37
3477982	30
3480666	57
3482893	204
3483205	132
3483944	96
3485822	133
3499610	27
3507455	580
3510804	13
3524851	222
3532660	32
3543548	99
3557314	5
3559019	492
3569633	54
3570951	34
3577919	4
3582763	107
3591964	5
3597279	42
3602598	12
3606624	9
3606738	120
3610323	5
3615238	11
3616611	348
3618133	224
3618686	22
3620194	24
3623050	1520
3626403	64
3626679	54
3629537	36
3631697	313
3633660	271
3634196	254
3640368	56
3643206	3
3646562	174
3652623	2101
3655926	13
3659275	123
3661343	117
3662176	2
3662703	1
3662905	13
3669065	88
3671342	135
3671479	91
3671909	47
3673976	63
3678731	88
3692188	60
3717775	3
3720868	45
3721224	26
3723999	88
3727706	250
3728161	72
3730529	32
3743376	48
3744545	29
3745077	98
3750921	80
3757512	41
3758878	57
3766330	21
3766706	24
3768868	549
3769702	285
3783584	55
3785670	38
3786237	675
3789101	31
3791835	270
3792113	19
3797741	82
3803067	34
3807746	594
3807749	23
3809620	4
3834332	101
3834571	35
3843585	7
3844046	82
3849109	242
3853423	51
3867127	63
3870624	7
3875528	411
3875901	66
3880513	183
3884981	154
3900128	12
3910314	28
3910945	164
3913468	33
3915777	40
3918508	242
3925242	272
3928902	33
3938684	2
3955647	310
3961425	67
3975322	64
3987025	91
3989388	9
3993627	206
4000279	187
4003232	1
4007018	146
4015965	35
4021475	41
4022719	1
4025121	214
4037197	28
4038949	282
4039952	19
4044891	146
4046291	49
4056288	56
4059172	250
4060891	1
4072305	57
4073516	80
4078698	73
4081150	100
4084908	93
4084995	7
4085998	123
4090287	28
4095287	144
4097634	62
4106792	284
4109488	174
4118920	122
4127088	17
4128353	51
4135058	56
4136024	434
4137249	14
4147239	357
4157924	245
4158448	606
4164482	479
4184894	60
4186141	41
4193432	32
4208139	44
4213386	79
4224042	116
4228314	85
4237289	43
4238977	212
4239408	263
4248640	15
4253774	189
4254338	20
4259466	2
4270061	40
4272561	37
4279682	62
4284689	25
4285537	5
4297273	72
4303154	3
4309314	5
4327751	5
4331833	105
4335519	116
4335576	45
4337337	4
4341964	56
4344257	47
4357484	150
4359038	2
4360334	64
4370755	816
4373521	144
4380969	60
4387088	2
4387547	30
4392591	1
4393940	181
4407774	131
4410456	81
4423334	224
4423775	46
4423776	71
4434126	37
4434819	238
4447023	260
4454793	356
4455628	203
4462204	13
4465750	87
4471160	5
4473517	7
4475362	84
4475999	3
4499907	307
4508653	425
4508687	6
4514536	58
4521463	149
4521794	189
4524181	31
4525910	9
4526816	124
4526900	109
4530345	136
4530750	197
4533258	72
4533720	134
4535077	199
4537276	257
4537508	243
4537775	347
4537830	252
4542716	2120
4565995	21
4576131	588
4576305	15
4578344	178
4582845	1
4585500	244
4586516	85
4587149	67
4588705	145
4589555	9
4591214	148
4597760	86
4597815	30
4598984	39
4599128	159
4604245	12
4610231	65
4614726	126
4616337	32
4618168	123
4639390	75
4649599	3
4663744	8
4665416	277
4665479	67
4672472	7
4679626	33
4693087	104
4693675	59
4694540	192
4704710	30
4712548	78
4723248	186
4729944	44
4741172	17
4743255	227
4752317	48
4758330	55
4766638	11
4775544	70
4776767	67
4787136	48
4787500	36
4793392	36
4802269	71
4812728	67
4813239	265
4815490	167
4816474	1935
4853645	61
4853649	487
4857740	31
4858466	10
4864651	93
4867294	7
4867945	50
4869294	755
4871551	6
4877415	83
4879511	25
4883759	250
4890177	92
4909355	563
4917029	123
4924151	55
4930716	67
4935742	55
4943857	173
4961126	507
4977367	49
4978045	186
4989143	2
4989164	5
4989235	61
4989765	65
4994785	20
4999959	38
5022564	1287
5093126	95
5096124	54
5101141	55
5103785	99
5108051	160
5108836	25
5132476	93
5132596	323
5133949	216
5140481	26
5143809	108
5150954	5
5152285	79
5152538	25
5152718	42
5153143	181
5164978	73
5171600	184
5179099	46
5183393	111
5186631	2
5187976	92
5197539	79
5198041	22
5207280	150
5224788	381
5225555	44
5234086	1
5238231	109
5239185	4
5241312	230
5244445	7
5245876	2
5245894	4
5248606	204
5250457	10
5250779	49
5252760	40
5253056	277
5254557	75
5259347	6
5263844	42
5274894	373
5296618	27
5298790	273
5312648	34
5314652	181
5320283	181
5331035	89
5346495	67
5349565	394
5351666	58
5352389	3
5367323	104
5372872	544
5373551	195
5380818	6
5383731	143
5384390	4
5389948	2
5390156	68
5390641	231
5398345	65
5403482	78
5409008	155
5410234	23
5426219	202
5427454	208
5429835	57
5431309	32
5438867	30
5441793	134
5446003	119
5453324	207
5453989	116
5455458	68
5457485	6
5476048	20
5482172	42
5483330	1
5483921	350
5497412	42
5510151	657
5527797	7
5532320	119
5541745	162
5545025	19
5550552	603
5550556	80
5550567	4
5550595	111
5550623	77
5556347	17
5561238	73
5567874	407
5569059	23
5598310	152
5612317	17
5618793	42
5629592	149
5634276	205
5663857	73
5670751	252
5674787	271
5682970	4
5683653	173
5691661	82
5694513	43
5698705	2
5706983	129
5710341	10
5710848	20
5718947	48
5719299	82
5720995	70
5731348	48
5736080	205
5741125	7
5743159	5
5750827	160
5780416	57
5782626	250
5793738	43
5793895	78
5801666	43
5803673	6
5808515	193
5816573	2
5830987	32
5844399	130
5845944	74
5848067	23
5850234	135
5853229	92
5855873	119
5856509	125
5862644	1
5874515	16
5875200	8
5885483	109
5888353	112
5896523	58
5904223	7
5909066	1782
5913967	101
5923215	29
5937690	190
5940174	27
5952670	85
5953597	237
5955967	233
5970660	1
5972219	72
5973732	61
5973855	444
5973879	144
5974058	21
5979499	9
5987163	40
6008893	3
6009557	35
6009785	53
6011756	50
6019698	25
6025763	103
6031942	4267
6032589	16
6039425	245
6039946	6
6041301	17
6041894	64
6047468	82
6058123	4271
6058151	4267
6058234	4270
6064643	3
6066709	16
6078184	1197
6078190	414
6080978	64
6082996	44
6083248	1
6084210	17
6092163	155
6093316	466
6094683	66
6097139	177
6098697	135
6106345	45
6126775	27
6138801	37
6140556	50
6150069	67
6153802	359
6153942	2
6154058	1
6154653	102
6158882	61
6186747	130
6198699	170
6201092	265
6210034	92
6223866	74
6228378	2
6228403	2
6234127	7
6235174	79
6240726	164
6248212	1
6248414	9
6248645	42
6250543	109
6251267	96
6257856	66
6267670	74
6269013	86
6274404	57
6275065	207
6279318	60
6280464	5
6287585	256
6293402	279
6296742	156
6296790	363
6296814	127
6297520	77
6298444	187
6308277	106
6308288	100
6309729	13
6318086	88
6319157	21
6325420	41
6326372	36
6328806	182
6331139	1
6337271	30
6340228	321
6349023	37
6351071	11
6351407	90
6358188	142
6364653	523
6365284	65
6365343	184
6370012	200
6383869	27
6384356	133
6402099	7
6403019	1134
6404963	92
6405172	184
6408204	448
6410069	12
6412527	12
6426016	255
6427813	69
6428619	193
6429859	10
6433838	181
6435042	108
6438280	55
6439786	1412
6439865	78
6444116	60
6455642	42
6470655	46
6470657	1
6471233	61
6474045	9
6474647	7
6479730	15
6486826	115
6487031	27
6495081	934
6495082	4679
6495204	174
6495465	454
6495859	274
6495879	520
6498492	49
6502093	108
6505090	2
6505724	26
6506651	5
6512548	90
6520784	30
6523023	47
6543378	27
6547965	46
6552612	8
6556815	152
6558697	12
6567216	3
6568554	111
6581870	226
6604361	44
6617651	22
6621471	1
6642735	148
6645850	4
6645958	96
6652220	25
6656911	34
6660536	60
6667084	237
6670942	18
6676523	30
6679556	48
6687936	2
6697600	128
6698407	4
6707453	46
6709682	13
6723399	7
6727151	261
6730452	134
6742077	2
6745533	397
6749378	11
6762867	413
6762869	30
6763576	2
6763587	3
6766558	58
6768710	131
6770930	172
6774018	331
6780767	19
6786166	1
6787544	1
6799148	306
6806252	87
6815085	2
6815666	1
6830846	76
6835366	9
6838921	153
6841181	4
6855801	60
6857360	31
6857384	98
6872992	40
6877175	28
6882427	47
6884056	35
6884828	10
6885644	13
6887813	269
6888625	289
6900541	30
6902326	14
6902698	60
6908992	78
6929734	358
6934395	278
6935442	79
6938835	5
6942323	84
6946079	2
6946296	407
6966619	92
6968490	44
6970004	434
6981258	167
6982635	90
6987237	13
6999340	238
7003316	42
7018954	28
7025013	25
7026531	15
7032323	24
7035651	118
7039626	33
7040101	23
7045549	173
7053637	38
7056202	142
7060712	2
7068587	133
7078527	3
7083240	11
7083414	133
7095300	35
7100405	339
7120249	66
7120990	130
7122594	4
7133153	65
7134007	102
7134260	27
7141465	145
7162694	307
7166369	13
7167597	11
7170176	3
7176141	56
7177096	68
7177269	15
7190749	3
7190986	20
7191565	30
7193045	176
7202769	80
7204315	56
7204934	12
7209075	318
7212645	16
7212717	65
7228264	87
7229063	28
7238422	474
7241039	1
7243943	2
7251076	17
7251195	120
7252233	177
7254810	234
7257740	15
7261231	17
7262203	9
7276954	236
7281853	308
7283919	26
7300454	106
7349289	11
7363211	39
7367878	255
7370241	367
7372528	63
7374322	60
7378757	99
7380066	95
7383074	119
7386799	41
7388628	25
7391261	1076
7394347	30
7408108	68
7411076	67
7413451	29
7416546	34
7420937	241
7426399	68
7426402	136
7430030	60
7437073	170
7445517	481
7448936	170
7454197	86
7455475	179
7457728	36
7480345	178
7496174	2
7497749	286
7506968	27
7512098	94
7512484	467
7514970	159
7517166	114
7527552	21
7528679	24
7530570	156
7537577	12
7543898	78
7544769	19
7546847	362
7548986	248
7550637	359
7551429	142
7560589	74
7565594	84
7569578	951
7590021	1
7590028	89
7600409	6
7606744	51
7613257	217
7621309	307
7626736	234
7628687	40
7634677	268
7639232	78
7653178	52
7667624	38
7672454	833
7677845	124
7691631	964
7693799	21
7700081	143
7700636	78
7710647	100
7711472	28
7715820	122
7716869	109
7716883	1
7731254	74
7731339	23
7741856	17
7742825	172
7748336	200
7756449	25
7760890	45
7763363	177
7763529	16
7767733	3
7777650	101
7785050	161
7786818	91
7796036	4
7796068	2
7802677	47
7804562	25
7804910	111
7805516	155
7805522	160
7805529	155
7807399	440
7827081	4
7828354	71
7828683	197
7830124	66
7833168	263
7844340	250
7891564	19
7893220	1
7895524	38
7901696	25
7909342	130
7910045	61
7913085	150
7913469	2
7915145	16
7918325	23
7941882	22
7948548	79
7953576	5
7959652	58
7959865	26
7960131	180
7963570	65
7964711	22
7990116	477
7992797	52
8010626	194
8011618	62
8013225	601
8013536	21
8016431	320
8018179	162
8033939	25
8046076	563
8048400	107
8049051	6
8049897	217
8050444	51
8059194	14
8061086	282
8061733	2
8067787	2079
8069196	132
8069286	65
8071542	47
8077402	41
8077957	8
8085749	14
8100370	24
8105769	72
8122790	20
8135462	28
8139882	71
8141162	85
8143458	6
8162615	36
8165801	371
8170076	209
8179702	160
8189762	33
8195265	155
8198511	6
8224923	3
8230809	129
8231332	52
8231466	45
8238693	102
8257106	3
8258806	12
8262097	155
8262104	160
8262178	69
8266573	94
8270972	149
8271291	125
8272315	74
8276387	13
8279795	85
8290123	1
8292625	45
8292791	19
8295531	148
8309253	16
8315086	81
8328240	7
8331069	16
8347276	37
8349595	10
8357227	93
8366208	2
8381041	91
8398194	393
8399379	22
8405629	150
8406138	34
8415631	55
8419933	9
8421800	67
8424040	108
8436519	247
8451893	16
8452115	53
8453583	106
8458155	14
8463294	269
8466379	151
8466436	5
8469202	30
8469395	83
8471572	53
8475218	63
8479951	36
8484604	138
8488820	127
8488891	36
8490349	33
8490984	21
8495499	180
8497919	77
8508587	21
8510611	417
8513618	1
8521842	3
8538889	45
8539874	144
8540039	92
8543344	27
8551488	44
8553857	105
8556864	52
8567814	37
8569918	22
8575137	13
8589420	31
8590623	581
8594752	30
8595323	22
8604178	61
8604367	186
8608254	49
8609125	32
8624041	234
8627760	352
8629417	130
8635901	33
8636336	1
8636532	13
8651750	94
8660284	42
8662641	76
8664152	106
8670892	363
8681349	66
8685799	158
8701184	223
8709187	61
8710734	91
8720130	5
8750617	103
8757552	417
8759937	160
8764368	7
8768406	27
8779606	46
8815876	38
8831556	1
8837935	110
8843683	18
8859405	409
8859531	27
8863081	122
8865337	335
8869463	196
8877030	78
8880675	57
8881628	163
8890632	21
8891184	26
8896307	67
8921879	96
8926250	231
8933498	1
8935948	69
8936874	157
8957264	166
8962829	121
8966356	344
8969224	135
8971938	24
8972654	607
8973396	579
8986217	28
8989842	1
9036469	2
9037631	70
9043012	72
9043124	88
9043150	28
9056142	86
9060347	67
9064487	17
9066347	204
9074774	747
9076111	5
9082091	5
9082212	23
9088826	90
9103211	1
9113580	258
9120498	45
9123595	293
9131292	16
9136748	43
9173686	6
9185792	74
9185941	71
9207280	152
9209369	18
9214660	40
9214768	67
9224525	34
9240204	11
9243402	3
9250933	129
9252013	217
9252268	294
9252533	102
9264454	3
9265076	11
9265294	44
9278135	55
9279386	64
9280589	2
9283927	11
9286853	113
9289343	129
9290699	213
9303582	100
9306568	13
9307757	47
9309093	35
9316062	2
9318794	144
9325315	39
9329559	221
9329764	36
9331079	458
9332221	25
9340574	204
9342529	242
9345383	138
9349347	201
9349840	2
9350746	82
9359429	176
9368729	23
9376434	48
9376661	6
9376753	74
9377198	8
9384267	290
9392176	3
9394379	125
9395761	37
9395939	92
9399334	13
9405122	234
9406464	80
9412941	269
9418501	11
9432220	408
9443209	3
9446651	6
9451481	70
9452427	90
9453410	19
9453798	34
9458484	53
9467250	127
9467421	5
9469271	59
9470526	42
9478219	142
9480177	1
9504214	31
9507628	115
9516362	3
9517720	117
9521528	94
9524997	41
9529675	35
9530894	158
9542455	11
9545146	54
9549081	283
9568894	21
9580819	122
9582940	305
9598363	3
9603429	51
9603756	52
9603889	479
9607679	359
9607896	238
9609018	332
9616535	160
9632355	5
9639981	31
9647856	1
9673156	6
9675694	33
9677526	65
9678849	16
9681561	3
9683876	6
9685405	1
9693534	133
9702026	117
9709563	12
9710679	201
9718691	26
9726245	102
9735077	66
9746477	257
9751165	50
9752041	414
9753621	303
9754983	47
9759448	385
9777075	150
9777338	171
9782488	25
9787757	7
9788097	104
9796252	64
9797512	302
9806460	1786
9852744	29
9852918	192
9873034	29
9873477	24
9878056	16
9881671	540
9885334	44
9886107	5
9887009	47
9887542	79
9891249	56
9895954	4
9896583	1
9897045	46
9900750	87
9909566	55
9914227	20
9916379	32
9922918	66
9938754	58
9942347	91
9942565	96
9943536	2
9952213	18
9957667	418
9957772	166
9970049	177
9971852	101
9982892	46
9988318	87
9988978	203
9992330	73
9992805	17
9994688	81
9996255	54
9998516	67
10009991	80
10024954	96
10026600	70
10032394	170
10033151	7
10037542	109
10040960	74
10041891	53
10042512	4
10054361	17
10057936	9
10059083	42
10060064	227
10064545	153
10066301	232
10066825	47
10069490	45
10071659	41
10079122	469
10081109	22
10081608	116
10097543	49
10112200	109
10118908	48
10120998	107
10126031	86
10126908	68
10140982	150
10146961	440
10148287	3
10160141	45
10170062	341
10173690	163
10174599	39
10178188	59
10182205	37
10187082	56
10191885	3
10192332	2145
10199599	243
10216041	17
10217788	78
10218080	66
10219106	69
10237433	143
10240775	877
10246127	75
10246360	38
10247146	128
10247874	59
10270250	268
10282042	1
10287592	359
10289171	137
10295399	194
10300045	1
10307315	3
10314483	2144
10319056	101
10321181	2
10328082	242
10332822	467
10337846	131
10353788	368
10353886	16
10365411	165
10371103	21
10379062	153
10380148	30
10383867	380
10384993	219
10389144	1
10391073	665
10395188	85
10399273	79
10399553	118
10400632	76
10407165	1
10410764	3
10411154	254
10413050	25
10420155	3
10420996	7
10426982	8
10427524	12
10431787	154
10437688	59
10444725	612
10446266	875
10446270	1015
10446275	6290
10446281	2438
10446890	56
10450961	53
10452358	39
10458362	15
10464907	43
10475661	61
10476504	25
10480963	1
10485244	24
10487363	259
10498102	29
10501638	65
10504658	9
10513590	103
10521431	46
10522120	59
10524957	46
10532531	67
10535450	45
10546179	57
10555573	11
10556194	96
10557569	56
10558135	221
10559993	128
10567197	69
10572563	60
10579398	171
10582468	2
10600160	560
10608078	239
10608253	38
10608695	195
10609307	4
10609320	2
10614101	491
10614642	92
10616272	113
10624203	315
10624930	77
10637896	298
10646414	9
10649374	149
10651005	19
10651157	83
10654725	15
10675052	461
10679421	124
10687368	49
10696042	30
10697582	100
10705327	62
10707658	151
10723688	45
10725942	374
10750139	31
10767025	162
10777044	46
10798864	370
10800667	59
10808320	1
10823628	38
10825001	42
10827035	123
10827637	215
10851820	99
10870200	72
10870999	19
10876724	199
10878758	6
10894716	52
10903163	105
10915984	84
10923187	140
10941409	142
10965582	89
10970967	61
10974951	82
10984611	3
10984686	157
10985948	106
10986476	61
10990111	3
10992987	30
10994345	480
10997446	60
11000666	274
11007313	191
11008076	119
11008207	303
11014681	220
11029192	93
11036316	5
11061773	222
11070128	102
11074178	128
11081909	95
11095034	41
11098991	1
11099534	409
11108787	3
11110027	98
11111023	25
11116372	143
11125081	45
11125172	34
11125589	286
11138330	236
11142045	41
11158196	194
11159552	1
11167738	35
11171548	156
11180687	181
11195700	23
11196484	13
11198185	156
11206255	67
11214554	38
11221607	44
11224542	12
11225014	212
11233996	80
11238265	168
11239863	11
11262602	108
11262948	114
11267509	52
11276147	3
11290232	125
11293574	15
11309292	116
11319396	402
11321096	57
11322967	66
11337147	87
11337159	37
11340559	96
11363784	92
11364783	7
11367150	197
11369053	4
11369603	13
11369724	38
11370270	366
11371048	220
11374902	175
11377499	8
11396385	238
11397939	105
11401165	567
11407242	9
11411642	182
11424867	155
11429455	117
11432401	118
11436474	43
11436986	21
11440751	289
11442585	17
11445479	321
11446601	5
11447202	118
11452538	31
11452644	9
11452676	171
11461524	15
11463670	346
11469439	361
11469535	458
11478636	182
11480705	36
11481338	195
11482884	54
11489037	115
11496279	31
11507163	6
11507244	46
11508445	23
11530220	40
11542346	33
11545107	48
11545928	47
11549335	4
11574485	26
11577304	357
11579275	1
11580928	149
11589713	232
11591855	11
11595901	41
11597120	49
11599760	87
11607598	78
11615188	5
11615192	24
11616657	41
11621778	75
11630229	1
11632485	175
11636545	146
11639637	121
11645798	1
11652141	166
11654790	60
11656984	1
11657493	56
11667865	26
11670333	15
11672345	61
11675425	80
11677934	43
11680792	163
11682819	4
11686678	31
11693709	260
11695619	3
11698692	218
11711223	60
11723602	26
11727301	494
11729727	10
11730342	24
11749698	2
11753734	176
11764461	1
11778024	177
11780463	11
11780797	128
11786550	17
11788320	19
11796548	160
11796974	133
11801062	227
11802259	55
11819493	340
11823977	15
11825056	888
11827104	54
11836349	285
11837082	185
11847500	92
11848896	80
11851668	3
11854950	52
11859481	2
11863336	244
11893084	7
11893119	217
11894308	129
11900313	202
11901464	22
11901762	89
11920542	22
11921791	121
11929217	2
11931032	80
11934257	64
11939484	197
11943128	13
11945060	1
11971588	27
11975418	268
11981144	388
11984597	365
11993347	57
12000586	129
12004006	59
12019742	19
12028512	95
12034795	99
12040130	1396
12043103	341
12048721	192
12049777	20
12050055	182
12057192	2
12064378	9
12068195	33
12087348	19
12089001	13
12090329	64
12093600	160
12093609	155
12093618	155
12095044	2
12115269	83
12127251	22
12143380	30
12164675	86
12165060	52
12166086	133
12166778	152
12169108	13
12173486	65
12175500	14
12186764	118
12188834	15
12189965	445
12193604	11
12196957	24
12199913	27
12201538	136
12204147	13
12204626	93
12217334	80
12223350	126
12226786	11
12228386	70
12230758	115
12235583	40
12246785	160
12254645	98
12255062	2
12256376	123
12267843	151
12271122	25
12271469	115
12278235	60
12284716	6
12286088	5
12289642	340
12293572	62
12296490	167
12307386	8
12310030	36
12317077	63
12318573	28
12318702	256
12319410	186
12322922	125
12323472	107
12327706	4
12335264	40
12347995	508
12357974	66
12358097	43
12359519	32
12363387	28
12373318	31
12384349	47
12385273	472
12387079	54
12391677	98
12393514	25
12399790	27
12414546	165
12418999	34
12422224	160
12423493	106
12425151	186
12425155	228
12434060	63
12440699	43
12440855	138
12445598	26
12446912	4
12452145	96
12457554	5
12463973	60
12465195	309
12465340	188
12469627	486
12473049	2
12480323	2285
12495928	7
12499251	331
12511640	16
12522239	125
12557346	2
12558422	5
12564119	162
12564225	104
12570984	27
12571201	364
12575050	888
12578007	147
12590052	41
12592267	53
12599239	25
12618379	115
12625626	797
12630818	361
12645106	66
12645326	243
12649048	84
12654833	84
12659010	49
12670444	17
12678311	71
12687065	12
12688822	58
12704352	8
12715951	3
12719877	95
12736575	40
12744481	94
12745174	692
12745236	17
12746760	82
12755139	181
12756992	38
12760899	22
12764410	192
12764467	172
12771934	191
12777979	52
12779803	18
12784865	64
12785038	12
12791642	72
12793129	65
12797939	124
12798028	242
12801725	18
12808420	2
12820537	10
12820775	1
12822482	79
12824647	80
12839432	5
12847818	18
12848767	25
12888993	14
12896452	9
12899761	4
12901526	15
12912885	95
12919747	115
12926963	3
12927339	845
12929272	57
12953256	38
12957621	25
12960038	26
12960439	168
12962729	6
12968763	545
12970971	27
12972263	46
12978955	103
12980156	25
12983151	245
12987612	201
12990303	31
12994924	174
12996092	281
13003799	83
13019369	152
13021798	123
13032626	460
13036312	40
13037998	370
13039628	159
13044600	3
13045763	54
13070949	8
13073056	71
13078968	255
13079486	30
13088951	3
13111330	177
13111393	193
13114888	7
13123142	51
13124802	529
13126567	117
13131245	75
13142126	23
13152531	30
13158707	78
13174854	357
13179939	137
13180726	130
13186315	817
13198211	452
13203894	138
13206906	82
13212165	57
13220460	86
13221727	60
13226069	35
13233158	94
13248841	67
13254298	7
13258039	241
13261932	176
13264827	218
13266601	215
13271888	8
13280401	306
13281926	45
13295877	37
13297858	37
13300645	16
13322751	7
13342418	210
13344397	63
13348302	194
13352640	23
13352949	126
13356287	140
13367144	514
13367154	75
13373129	407
13379760	4
13380820	26
13381132	3
13382476	154
13384052	33
13386008	226
13392416	1
13399878	232
13400023	135
13419223	7
13421878	203
13428264	162
13429048	15
13432875	82
13435213	149
13439661	19
13440432	9
13441218	66
13442719	8
13446739	38
13466009	99
13471446	378
13491895	76
13497651	80
13501212	441
13509108	446
13510362	47
13512018	32
13512328	36
13513899	108
13527677	26
13527761	86
13532244	97
13540853	80
13547499	179
13550592	10
13559106	67
13562581	5
13565654	131
13572830	58
13573524	61
13584262	56
13584754	241
13586541	27
13589209	4
13594531	144
13595305	56
13595710	68
13596674	66
13628170	39
13628634	16
13630800	5
13631804	52
13633443	32
13640663	7
13655949	187
13660977	59
13661483	34
13661983	104
13663023	200
13667312	42
13674972	385
13677187	47
13677447	64
13677899	59
13678015	15
13681869	10
13692183	62
13702782	18
13705374	34
13712111	37
13722758	21
13723173	116
13739356	62
13739672	99
13740589	12
13741751	26
13741766	2
13742421	90
13746980	91
13753636	198
13783687	1
13788490	30
13800390	27
13807606	129
13810799	1015
13816197	151
13825712	15
13830293	94
13830890	142
13839311	10682
13843551	80
13847975	48
13850187	74
13854660	62
13855476	39
13862381	5
13862999	172
13863130	121
13868681	88
13868906	123
13869700	84
13870310	48
13872231	63
13872749	208
13886553	326
13890450	81
13895958	28
13899674	37
13909573	83
13911014	218
13911118	17
13914116	374
13916980	83
13918591	85
13919525	9
13926404	47
13936031	177
13945352	1
13950021	2
13958501	320
13959086	249
13960310	52
13962843	45
13966675	21
13974873	2
13986915	6
14002592	4030
14003491	74
14005591	37
14016084	242
14019038	16
14021280	2678
14029328	51
14037931	25
14040634	32
14049216	267
14050117	71
14051004	356
14058345	181
14064064	88
14082447	44
14089735	230
14109374	111
14111847	76
14115364	39
14116604	52
14117583	298
14124274	50
14125254	139
14125815	1
14125991	58
14133680	232
14133994	232
14135467	136
14135470	96
14135471	37
14145700	40
14145875	39
14146757	37
14159669	253
14160827	77
14167154	49
14167761	233
14172799	35
14176513	53
14183836	13
14186284	31
14191740	137
14202056	30
14210523	51
14212481	197
14218066	56
14219761	71
14222962	10
14224695	47
14225208	6
14239425	13
14244921	159
14259390	6
14265145	16
14275136	390
14293189	1
14294972	67
14296513	1
14303048	1554
14304788	49
14305727	61
14306190	1
14307869	32
14309417	166
14309704	1218
14310443	202
14313288	8
14325128	47
14340510	1
14346979	15
14350085	221
14352668	214
14353912	133
14358653	108
14377751	57
14377977	131
14378003	200
14380246	185
14380490	9
14384924	712
14397208	63
14398834	115
14400546	18
14410778	148
14415854	85
14430294	35
14433715	284
14440270	159
14447732	278
14473933	155
14507564	37
14509809	45
14514251	62
14518580	575
14528678	55
14536022	181
14536054	20
14536397	113
14536685	9
14540979	10
14541530	44
14556029	123
14562056	27
14579099	9
14579179	11
14590125	23
14611005	1
14614459	19
14620185	1
14630881	16
14640193	7
14641855	7
14644908	20
14646304	1
14650917	65
14651973	47
14665885	19
14676369	59
14678339	145
14679065	18
14685930	117
14696091	112
14696916	8
14698686	6
14703038	3
14712850	233
14716368	115
14718267	51
14724954	34
14724975	488
14730563	238
14732311	34
14734876	204
14735403	94
14735429	59
14739084	122
14745710	526
14747279	94
14751944	76
14774840	190
14794708	124
14807757	16
14812739	1
14812776	317
14814565	128
14836615	51
14847048	40
14849761	179
14849992	212
14852193	117
14857326	46
14865444	11
14882706	108
14884825	4
14887134	11
14887549	1040
14889955	12
14895592	217
14895964	253
14902556	88
14904442	62
14909673	47
14920729	40
14930729	42
14939107	83
14939303	438
14941095	256
14949094	103
14960387	3
14964475	99
14964923	26
14971435	55
14975695	126
14979312	86
14995189	412
14999623	170
15008139	333
15015736	6
15022868	48
15032738	2678
15045751	109
15057515	114
15059922	211
15061404	13
15062869	60
15067839	70
15071115	22
15078210	339
15085215	1123
15085427	33
15088276	69
15099935	18
15100395	36
15101579	253
15102455	5
15109640	115
15110606	5
15110788	78
15111821	308
15115183	99
15116946	35
15126429	3
15130442	275
15131726	16
15137572	123
15141040	167
15144030	243
15149030	24
15149168	5
15155534	161
15168264	32
15168680	165
15169178	342
15169186	165
15173563	51
15174830	25
15188780	135
15189073	44
15193430	364
15202468	6
15221515	60
15222252	128
15225670	70
15231212	278
15231881	2
15233168	87
15237269	3
15237541	64
15238968	52
15253684	55
15256185	4
15259244	54
15266847	196
15267532	186
15270164	20
15284623	3
15284898	30
15286424	36
15300899	5
15303888	25
15308499	10
15309233	22
15312233	73
15315123	196
15320915	3
15325259	49
15333809	313
15337142	292
15346914	6
15350502	16
15360927	55
15365681	540
15366663	269
15366666	23
15370964	295
15378655	148
15379098	42
15379620	214
15381801	246
15385321	63
15385961	54
15404425	17
15409820	7
15415690	57
15428480	103
15443552	74
15450627	184
15452919	24
15458279	6
15462791	7
15475337	139
15480067	252
15498456	345
15500883	64
15508537	1
15509440	4
15510138	10
15510233	2
15526570	237
15528570	206
15531098	4
15531892	174
15534120	14
15536087	155
15540931	5
15543455	74
15560403	700
15563862	121
15582869	27
15586319	6
15595723	169
15602984	2
15610705	173
15612322	30
15614464	25
15625359	4
15634981	270
15644177	9
15644594	79
15649903	372
15652312	54
15657361	63
15660461	120
15662105	43
15674129	21
15678737	130
15693680	93
15710196	135
15714062	16
15716034	7
15717188	28
15717825	12
15718405	3
15720445	50
15728293	162
15733510	1
15733598	326
15736441	143
15750847	77
15763403	4
15773229	400
15773235	245
15777788	56
15778896	72
15778981	114
15785330	4703
15787723	37
15794753	133
15799524	54
15800167	147
15800559	244
15803613	160
15805577	149
15810595	4
15812236	413
15813955	2
15814195	3
15814642	395
15829025	140
15830664	170
15835387	2
15835991	3
15836199	40
15836601	3
15836700	183
15846397	76
15852088	30
15855480	431
15860426	138
15866170	94
15866222	31
15870488	417
15874544	60
15875350	228
15879942	2
15881868	20
15884166	60
15884459	56
15885765	118
15891343	170
15896070	880
15910961	313
15917856	37
15920273	85
15920430	175
15926180	9
15930255	28
15930937	67
15936129	2
15937188	131
15943682	225
15945573	35
15949777	96
15979234	83
15993612	106
15994863	42
15995923	44
15999442	85
16000649	93
16000814	53
16008423	112
16008426	191
16009363	36
16009986	30
16035058	33
16050838	269
16062805	224
16066615	331
16072585	258
16077937	53
16078440	147
16080807	110
16089035	50
16091467	3173
16097563	76
16120959	63
16146440	62
16147933	111
16149854	13
16150585	292
16151707	50
16154093	24
16154146	245
16155267	77
16157746	3
16161513	90
16162184	68
16162789	4
16174770	53
16176176	33
16176198	42
16180304	61
16180517	65
16181515	23
16182383	1
16189016	237
16191201	7
16203458	333
16203763	309
16205925	288
16213441	36
16218301	89
16222449	33
16238673	185
16241224	111
16246536	59
16250474	13
16251053	1170
16256144	116
16264762	50
16276216	333
16277254	82
16282196	58
16286131	363
16294920	10
16295983	2
16300347	3
16301196	4
16311759	131
16312934	40
16314259	8
16316451	71
16316805	89
16322464	42
16323162	38
16324657	49
16325478	217
16329342	3
16338711	282
16340224	80
16341913	132
16343999	15
16346182	182
16347164	205
16348598	14
16362469	170
16362479	276
16362517	216
16362553	223
16362568	131
16366081	45
16366134	5
16378879	149
16388445	6
16389681	45
16389919	250
16394253	775
16394957	8
16396294	180
16406574	4
16408992	244
16409491	164
16410307	40
16410428	36
16411534	520
16416867	239
16417125	45
16420691	43
16422517	110
16425042	108
16427229	12
16429916	63
16429937	171
16454003	41
16455599	87
16466317	12
16466496	68
16468113	71
16471584	37
16473475	220
16473585	240
16479108	239
16483819	8
16488998	43
16491880	3
16492034	2
16495777	42
16501680	39
16512976	114
16513414	44
16515058	82
16515681	253
16516614	188
16522943	381
16543113	329
16552047	4
16554739	27
16557832	21
16560435	971
16563587	740
16574627	61
16579440	52
16584540	75
16587283	172
16588204	202
16594532	149
16599031	6
16599849	59
16607898	18
16607947	5
16614373	14
16614962	44
16621659	456
16627197	175
16630141	3
16634147	29
16634370	84
16635010	117
16635131	66
16639166	229
16646125	38
16653123	128
16653696	198
16657312	151
16664802	1
16665486	167
16685462	59
16686826	32
16687979	19
16688238	6
16691792	2
16694400	26
16695539	13
16703726	226
16705517	286
16710430	35
16714860	108
16723800	12
16730422	208
16734168	73
16734696	77
16738401	427
16740301	136
16752620	2
16764080	49
16768736	7
16772886	173
16775200	50
16785816	174
16794324	370
16794338	325
16794343	322
16794397	269
16794766	175
16803058	142
16811071	275
16811502	83
16817497	105
16819795	30
16831981	206
16832741	56
16844474	69
16851223	174
16865424	96
16873349	95
16883305	97
16901948	53
16906637	7
16906776	269
16907474	120
16919993	137
16940616	10
16950782	440
16963210	142
16964911	148
16968096	87
16971008	187
16972952	1
16974937	242
16976982	97
16977232	32
16977479	326
16977759	174
16987877	34
16994149	116
17014419	29
17021514	30
17034809	112
17035121	5
17055264	109
17056120	62
17066884	59
17072437	207
17072697	74
17075030	75
17075662	13
17089728	73
17098046	46
17101123	2158
17104739	130
17107479	56
17118201	115
17126406	359
17127549	146
17127687	132
17131821	4
17132419	153
17132838	159
17133812	113
17140192	92
17148588	69
17151764	290
17153329	26
17154867	39
17163720	143
17165658	1360
17167136	84
17171710	32
17179173	689
17192644	1
17193734	168
17198768	8
17199910	5
17201744	56
17201753	147
17217530	24
17218148	220
17219500	25
17224514	46
17227535	9
17228786	9
17231517	68
17234665	291
17238844	80
17241201	96
17249478	113
17252115	213
17254728	112
17257794	589
17262653	163
17268927	503
17281415	27
17287926	5
17287980	25
17295621	493
17302568	274
17303641	68
17307763	53
17310099	47
17311922	153
17322695	124
17323102	75
17325575	16
17335035	92
17338734	26
17342018	102
17347463	41
17356911	146
17358571	68
17359210	105
17361596	37
17363774	37
17368821	193
17368872	13
17371412	1349
17372733	27
17373313	41
17374588	153
17374594	80
17374598	554
17374628	155
17374635	53
17374645	48
17374659	54
17378009	44
17378050	61
17391973	96
17393022	13
17395836	892
17403476	60
17408788	263
17410834	405
17411967	9
17417106	9
17420913	103
17431378	24
17434802	70
17434992	35
17446726	64
17448603	399
17449498	98
17450228	239
17456254	93
17468556	129
17477111	2
17492965	24
17496194	2
17501090	130
17505614	283
17508889	46
17516793	253
17522563	81
17527989	42
17530284	802
17531908	9
17541180	363
17548048	3
17548747	28
17571990	147
17575535	8
17578798	6110
17582613	32
17582757	260
17591748	9
17592572	52
17605599	279
17608126	120
17611577	73
17620347	2
17621075	202
17621336	18
17630058	237
17630288	118
17632122	49
17632837	128
17634071	118
17637707	21
17647639	33
17649551	50
17650869	168
17655588	119
17656498	41
17664164	5
17668184	299
17685829	406
17686967	27
17690715	5
17703190	329
17705626	86
17714944	522
17723699	3
17724730	84
17725378	397
17728164	847
17733250	352
17735839	20
17742767	1
17762755	16
17763851	26
17775355	100
17777303	388
17784202	55
17784299	63
17792490	429
17794940	339
17808780	61
17812193	17
17812682	5
17814354	1
17818696	85
17824536	61
17824809	16
17826843	43
17827909	1
17830703	183
17832726	85
17835410	178
17837583	103
17839346	74
17842334	23
17844840	49
17845246	240
17845275	38
17852451	4
17861126	1
17881253	28
17894272	4
17898911	125
17904384	2
17905329	35
17905989	284
17906147	8
17907002	35
17907356	1015
17908447	102
17913633	29
17917662	20
17919669	160
17925227	23
17928207	554
17931379	68
17934994	10
17939582	31
17954730	407
17956445	63
17960746	120
17964653	4
17964729	75
17971138	101
17973188	132
17974627	931
17974816	171
17975644	50
17977128	307
17982061	20
17985744	2099
18023059	280
18026324	1
18037815	128
18047592	1
18049133	32
18051302	69
18055618	88
18056680	46
18059069	56
18062944	43
18065797	6
18069188	19
18074184	104
18076288	3
18082434	162
18099749	177
18102026	97
18115347	8451
18116062	94
18128548	20
18129915	91
18141084	249
18148206	22
18150451	182
18150497	105
18158702	3
18170257	26
18172227	29
18178353	15
18178675	137
18180090	129
18180732	58
18183494	246
18188537	55
18189061	176
18201810	146
18210190	70
18214081	64
18217012	152
18221501	65
18222972	37
18224920	68
18225913	33
18248068	70
18259368	168
18271108	6
18275570	5
18280236	43
18283391	7
18286047	319
18300645	2
18306049	3
18307175	134
18312071	42
18317669	206
18320220	31
18320947	214
18326574	34
18326701	35
18327074	213
18327496	108
18327506	89
18327612	11
18327618	14
18327626	63
18327646	22
18327658	6
18327738	13
18327753	6
18327768	8
18327786	7
18328345	5
18331732	303
18339541	13
18339970	60
18343137	68
18348651	1
18351718	27
18379141	81
18383364	241
18394987	24
18399519	72
18403574	39
18406709	3
18411790	154
18411972	497
18412580	79
18440563	74
18442380	2
18442381	58
18448108	39
18471236	31
18474889	16
18486304	185
18490421	2
18494160	124
18503427	61
18511687	40
18512431	18
18524934	211
18525371	70
18529246	371
18533350	4
18552822	603
18553777	340
18556147	82
18566245	43
18569427	125
18574457	43
18580533	156
18581578	27
18583210	59
18589213	48
18595011	128
18604656	10
18609428	71
18612437	95
18617943	477
18618251	307
18618267	45
18621964	22
18623438	21
18639908	288
18641380	217
18642416	160
18642969	98
18648455	59
18650199	105
18663590	242
18669969	102
18673522	45
18689903	145
18708438	62
18715057	124
18715646	135
18730183	5
18737218	139
18741799	168
18751259	131
18776427	61
18777006	22
18777864	14
18782726	4
18798826	73
18802989	147
18807835	18
18809854	172
18811064	41
18814466	48
18835805	124
18837028	50
18838035	1
18840003	65
18845024	120
18847464	28
18847851	281
18852165	71
18856208	84
18872244	64
18874460	249
18875357	157
18885593	8
18885925	52
18887842	26
18887928	10
18895427	83
18901345	94
18910239	63
18912503	110
18918709	21
18924701	150
18933635	160
18934693	1275
18946763	49
18950216	112
18950460	23
18962634	81
18962767	186
18974940	17
18987413	67
18992158	113
18992225	174
19002414	41
19006435	44
19008038	152
19036577	192
19040095	78
19040482	6
19044298	64
19047649	291
19049758	132
19049917	1280
19051806	281
19061144	2
19078059	21
19079918	109
19083268	93
19085756	610
19097645	23
19126114	54
19141754	77
19143929	146
19146570	24
19148949	124
19150258	54
19154916	1
19158009	21
19172212	301
19205896	98
19206221	24
19217274	49
19238853	51
19241830	6
19245921	417
19248542	317
19249835	391
19254557	1
19257170	144
19266337	58
19267652	188
19271395	118
19272315	51
19279199	3
19279458	68
19289265	34
19290649	4
19292003	329
19292203	53
19294052	342
19296674	142
19297959	56
19298896	425
19306103	38
19313590	668
19314620	119
19314991	240
19316619	56
19316865	12
19317893	411
19318458	12
19340336	6
19344362	30
19347267	124
19350397	9
19351480	29
19351660	85
19352450	27
19353092	761
19353482	53
19354145	1
19358114	56
19360616	238
19366500	241
19368221	90
19368783	193
19369035	199
19374812	49
19376602	23
19377180	42
19381895	49
19382615	12
19384819	93
19387222	28
19390712	132
19401646	137
19402258	42
19402347	46
19416551	75
19420959	233
19423184	13
19428677	133
19429698	15
19436483	69
19449327	26
19467184	48
19467512	26
19475113	153
19476134	58
19483231	59
19483273	105
19498290	237
19499960	118
19500159	41
19501047	95
19502452	179
19508826	3
19514152	106
19514776	1
19515188	72
19517247	2
19524156	341
19524397	83
19526501	73
19535954	263
19542078	287
19542768	527
19545381	5
19545865	919
19546488	70
19547077	46
19547115	61
19547448	23
19569477	9
19570381	139
19577510	153
19590299	244
19596658	145
19599383	109
19599784	112
19606299	9
19614405	320
19621950	200
19624574	10
19628047	125
19630847	81
19638422	191
19641638	44
19647328	308
19651495	248
19695722	86
19696006	178
19698391	2
19699356	106
19700613	1
19700764	40
19703913	3
19706194	43
19711806	68
19712406	155
19712934	60
19724602	604
19730456	4
19745004	157
19745493	96
19753195	129
19773438	114
19774195	208
19775824	293
19778979	3
19780811	12
19782572	2
19783550	7
19784232	114
19799491	18
19802581	41
19802899	9
19805861	59
19816973	112
19821157	94
19825320	44
19827180	81
19827544	63
19843509	72
19845168	38
19846966	221
19848560	92
19851667	1052
19854491	266
19857390	56
19860085	16
19860116	181
19862061	98
19862869	23
19863023	136
19866730	129
19867319	46
19870157	222
19872239	98
19872456	103
19877817	33
19881421	118
19886687	293
19887998	59
19897997	238
19916900	53
19935833	9
19935914	8
19942641	7
19943563	177
19953044	49
19953050	263
19954711	91
19958585	46
19961514	49
19964914	79
19966395	139
19966916	4
19973312	16
19975050	1
19989605	132
19991870	81
19992691	66
19992852	5
19994257	111
19996401	38
20001423	82
20003758	47
20014707	138
20015974	143
20021038	10
20023221	25
20023941	2
20026778	413
20030571	1061
20036001	26
20042152	1
20043757	626
20059361	128
20064711	631
20069544	81
20075293	1064
20089857	380
20092494	238
20095457	57
20100185	27
20103030	20
20105255	46
20106153	18
20107774	6
20107959	60
20130177	12
20145274	51
20149959	47
20153092	43
20154427	6
20158618	28
20161671	212
20171599	5
20171642	31
20181097	37
20193261	105
20206508	95
20208662	135
20212761	38
20213657	327
20215459	10
20220152	239
20220358	31
20244903	38
20253182	53
20257803	109
20257949	293
20279144	54
20287787	20
20293030	24
20300177	25
20300219	8
20301061	22
20304390	145
20307838	387
20309002	332
20309049	180
20313194	11
20314150	1
20325897	52
20326654	418
20329618	51
20340348	61
20342234	8
20343475	46
20344662	3
20345659	95
20349637	23
20360014	196
20360028	378
20361729	214
20365643	15
20379664	26
20381021	127
20387938	369
20389482	554
20390951	40
20395531	37
20395801	322
20395943	1
20398807	75
20404812	9
20410399	38
20415251	82
20415632	25
20421659	74
20421914	114
20432793	489
20433151	360
20434602	13
20434705	2
20445947	279
20446681	159
20448696	81
20457549	181
20460946	61
20463939	41
20465218	54
20473418	154
20479498	13
20482496	6262
20484506	55
20493429	9
20513959	79
20517345	8
20519851	2
20530177	53
20533405	138
20538228	104
20539166	143
20542797	179
20547676	48
20549706	123
20552964	21
20556967	7
20557127	430
20557253	194
20559227	53
20559270	75
20566273	92
20566902	31
20570322	39
20580498	2262
20587599	324
20597509	40
20599175	21
20600881	26
20601147	22
20607157	125
20618957	9
20633049	49
20643759	29
20653934	106
20663016	41
20665349	49
20667318	65
20670378	6
20671988	54
20672392	6
20680816	119
20681108	9
20684017	5
20695446	14
20699026	99
20699435	3
20705344	30
20705648	3
20717348	125
20718930	2
20723814	403
20728281	70
20747981	4
20748715	6
20755007	127
20762263	30
20773773	82
20775600	32
20778549	42
20785982	61
20787122	25
20789757	697
20790599	45
20801613	14
20803071	3
20803285	11
20803842	2
20811348	34
20811506	669
20813786	191
20815029	11
20818126	4
20829815	72
20842849	572
20843414	119
20848648	269
20855247	152
20876193	8
20883829	72
20884374	9
20884782	23
20885993	127
20886151	93
20886443	54
20886492	23
20893223	14
20904437	70
20904962	158
20905275	46
20906845	117
20918351	3
20919534	74
20920668	115
20928509	258
20929025	277
20929782	5
20931903	4
20936653	68
20938963	38
20939782	30
20939877	69
20941172	2
20941273	30
20941939	32
20943581	126
20951389	23
20954246	111
20957242	48
20961462	53
20965586	22
20970319	224
20976138	39
20981165	126
20987583	72
20991328	114
20993862	4
20999728	317
21002580	203
21013087	21
21018390	226
21022069	54
21033662	27
21038266	123
21042716	4
21052744	21
21056536	221
21060126	432
21062381	276
21063580	48
21068958	65
21071534	986
21076445	6
21081743	80
21085139	336
21087084	49
21087289	14
21088207	138
21088356	25
21089070	145
21090723	429
21091760	95
21094730	240
21101245	2
21107429	20
21108956	179
21112786	1
21118274	2
21124075	20
21134995	6
21152391	50
21153084	18
21153850	592
21160389	26
21167485	39
21168966	1
21169351	79
21170073	311
21170833	4
21171031	80
21172638	195
21172715	33
21174850	44
21175820	120
21178017	174
21179164	241
21179968	549
21180741	115
21184808	54
21187638	40
21196107	112
21206305	98
21206918	183
21210102	20
21212431	45
21215781	4
21217819	95
21219269	98
21222321	1644
21233191	202
21238354	44
21242831	215
21243212	55
21244505	262
21244924	41
21249621	57
21265042	47
21266373	131
21267188	127
21267545	7
21273155	145
21273733	71
21275987	20
21277401	10
21280887	77
21292856	215
21298446	25
21298530	63
21302211	153
21302282	158
21303242	66
21305972	153
21310028	362
21310764	67
21314224	14
21329550	1080
21331063	2
21331090	73
21333814	20
21337107	51
21347346	48
21348075	77
21349834	3294
21350424	74
21353031	73
21354883	1
21355079	42
21357013	28
21366046	275
21366477	7
21385916	88
21387077	80
21393007	70
21394954	190
21396755	316
21397581	5
21399598	676
21402627	71
21403699	92
21405028	203
21405138	26
21412737	109
21413198	20
21424418	122
21433119	54
21438158	44
21439061	34
21443728	141
21444367	47
21445370	8
21449162	2
21451240	176
21457951	48
21463898	2
21467110	61
21467907	6
21470111	266
21475984	67
21481110	104822
21486287	80
21487588	196
21493305	56
21493821	50
21496481	40
21500952	12
21508622	1674
21520263	97
21530861	20
21532794	54
21533702	103
21536118	189
21540759	134
21541051	119
21549805	7
21556868	26
21567832	40
21580302	2
21585830	78
21591001	66
21600782	23
21611018	119
21611022	104
21611723	177
21618058	71
21621670	73
21627244	6
21629362	22
21636061	41
21644204	41
21649349	362
21654452	19
21655733	35
21663285	318
21664280	107
21672903	55
21674271	85
21689686	3
21693989	14
21694966	1
21696302	107
21700594	324
21700699	129
21704134	36
21705009	7
21707405	2
21708163	91
21721629	98
21724513	151
21724875	4
21729759	52
21730553	30
21732198	436
21732596	5
21737465	74
21740844	297
21740933	105
21741891	66
21744872	30
21750575	56
21752865	268
21761215	264
21775167	22
21789010	68
21795083	413
21796735	20
21796891	275
21819643	214
21830645	3
21833183	210
21836148	75
21839843	401
21846770	358
21853887	7
21854907	20
21858831	164
21874030	21
21875476	182
21885269	326
21890916	493
21894635	40
21895733	671
21900253	261
21900269	104
21908970	45
21910770	163
21914595	64
21914939	53
21921396	5
21936951	229
21939095	55
21941161	200
21943980	257
21945888	148
21947754	143
21949734	25
21949879	18
21950910	8
21963095	104
21966379	23
21970893	122
21975579	31
21978342	4
21979537	6
21985130	152
21994197	16
22001913	94
22002058	23
22002113	5
22007187	1
22014778	48
22027821	21669
22034394	99
22037884	26
22040072	36
22046596	22
22048720	40
22059424	14
22060474	34
22064707	66
22066165	2
22067521	211
22070567	91
22074543	84
22078229	82
22082722	86
22085888	8
22097190	2
22106313	59
22107132	188
22108131	42
22111399	16
22112476	6
22112538	443
22117259	65
22130774	140
22135007	156
22137709	1
22138152	9
22139167	136
22155032	152
22165061	101
22165505	499
22203235	66
22214885	95
22226615	35
22234733	12
22238710	3
22251116	218
22260178	98
22262489	1
22269247	2
22269384	60
22277046	12
22285649	52
22287975	21
22298954	103
22300924	8
22305416	266
22305594	137
22319670	81
22328073	34
22338518	29
22342877	17
22344182	25
22355214	71
22358793	169
22360041	20
22361331	16
22362099	31
22366871	25
22376054	196
22377139	93
22378643	28
22381600	1
22386765	150
22389301	3
22389485	46
22390043	159
22394357	197
22403569	391
22413258	28
22414689	134
22422571	69
22423082	89
22426819	32
22435742	9
22436876	131
22439315	464
22439806	52
22442668	1029
22458259	63
22466228	103
22469418	6
22475582	163
22482934	356
22483215	313
22484898	167
22485068	54
22486930	156
22497156	76
22504575	115
22507007	25
22509111	5
22523205	48
22527203	60
22531552	47
22532326	7
22542759	1
22550429	24
22553797	9
22558387	219
22561571	101
22563577	82
22577043	176
22577579	3
22577925	2
22580980	40
22602573	6
22607013	77
22609806	89
22610009	37
22613546	38
22631422	58
22632242	263
22636263	20
22637619	237
22643282	78
22647956	87
22651419	61
22651892	22
22652254	28
22665685	26
22670849	117
22670857	84
22687663	101
22693515	5
22700458	55
22701145	271
22701769	68
22711503	311
22711639	299
22711656	49
22711712	529
22734163	168
22734387	31
22736886	31
22737329	46
22737333	33
22738201	188
22746070	136
22753345	287
22754193	34
22755810	229
22760763	100
22764273	11
22767401	130
22769065	103
22769864	89
22776606	137
22783065	37
22790488	65
22795312	21
22797228	2
22812153	142
22818315	365
22821314	41
22823654	109
22826449	9
22844223	22
22844864	15
22847321	51
22851255	176
22863121	12
22866768	222
22871550	9
22873328	24
22873519	62
22874677	5
22876427	174
22882621	11
22886917	154
22887863	39
22897489	2
22902460	28
22906142	394
22908548	162
22910502	28
22911969	62
22917537	135
22920486	64
22921364	1
22923232	14
22923251	117
22923393	182
22926972	105
22927608	204
22929148	55
22929261	11
22929675	35
22938713	71
22946859	158
22948530	49
22949566	43
22954249	62
22967610	65
22971140	18
22973515	44
22979044	272
22981257	238
22982974	388
22988082	39
22988319	152
22988982	701
22989971	179
22990382	10
22993377	114
22993939	79
22996097	238
22996869	62
22998579	26
23001795	53
23002299	12
23002385	577
23008502	703
23009797	61
23010704	195
23013268	35
23013311	493
23013457	16
23013460	75
23015644	61
23021810	202
23029617	130
23034563	319
23037541	6
23038334	557
23041371	56
23041507	2472
23043681	58
23044617	55
23050575	6
23050594	94
23052350	214
23052818	313
23059575	505
23061798	167
23065691	3
23067055	6
23069399	14
23070893	107
23073482	61
23078870	118
23082332	44
23083156	244
23085205	227
23086258	184
23087554	291
23087796	220
23096959	1244
23097101	99
23099295	667
23103516	136
23116127	38
23119045	4
23121600	37
23123128	310
23123149	1237
23129458	100
23138586	459
23138984	38
23140778	6
23142392	2
23146544	294
23146649	128
23147355	44
23147891	8
23152486	83
23152826	183
23156260	7
23161954	6
23165580	494
23184926	647
23187696	241
23196256	25
23198153	235
23203559	10
23203598	8
23205911	34
23207943	79
23211558	156
23216272	56
23230424	149
23232742	164
23240229	262
23266363	75
23267698	20
23272510	106
23276718	1
23289808	162
23291012	12
23308338	35
23310805	25
23313493	345
23322104	3
23322482	33
23324928	276
23332997	187
23333101	287
23338118	206
23338500	11
23338716	56
23349001	241
23355681	228
23357588	103
23360369	30
23366851	14
23370123	203
23382756	244
23384554	34
23391501	109
23392115	116
23397244	44
23398639	161
23404839	223
23408953	63
23416190	18
23417590	43
23418534	8
23430288	21
23435885	14
23439744	17
23440601	100
23440812	4
23442737	266
23445209	22
23448856	110
23459758	44
23461115	176
23480519	25
23482151	381
23482820	187
23487773	3
23490169	44
23494024	12
23496827	137
23498166	84
23500865	136
23502577	150
23505879	186
23507679	26
23519370	18
23529158	274
23531530	179
23531743	51
23542298	32
23548623	73
23554488	186
23556724	171
23565243	112
23570030	365
23577702	164
23584264	208
23584277	112
23586059	10
23586111	901
23589986	141
23590241	38
23590442	79
23591416	51
23592505	114
23593594	68
23598286	157
23599994	1075
23607424	34
23626587	47
23627382	32
23628046	117
23637153	138
23639316	84
23646608	277
23649904	85
23652126	121
23653453	27
23655239	55
23658480	86
23662236	62
23662959	67
23663301	127
23663746	253
23668497	148
23670712	63
23680678	11
23681676	66
23688496	3
23690791	74
23697674	42
23698105	500
23701001	171
23706000	64
23706552	24
23708376	55
23715715	364
23715842	88
23721352	12
23722234	198
23724212	91
23726651	372
23728095	6780
23741839	44
23749172	192
23749387	24
23749927	596
23752193	35
23760859	234
23766683	116
23768977	29
23770421	195
23771350	38
23774298	166
23783874	1027
23795232	205
23796073	47
23801241	36
23804476	41
23807586	67
23808195	55
23808509	40288
23808542	3716
23808557	1865
23808585	2390
23808616	2618
23808620	1303
23812315	164
23824120	528
23824208	850
23824298	152
23829125	85
23831045	76
23832429	23
23836598	62
23838217	10
23839256	137
23844174	487
23850207	48
23851195	69
23853482	65
23853939	46
23859769	82
23860591	323
23865131	118
23869357	35
23874177	122
23886834	39
23891194	8
23894441	2
23899906	5
23904068	9
23904562	57
23916614	15
23922823	62
23924195	76
23928410	116
23930639	45
23930671	37
23932530	53
23947795	43
23949017	47
23950071	18
23961092	48
23962994	51
23963315	119
23967160	127
23970077	41
23974149	148
23984796	81
23991437	8
23992530	109
24003138	71
24011030	101
24016302	77
24018946	186
24030380	1509
24035169	283
24042727	6
24046239	165
24049450	326
24053165	67
24053422	100
24057378	31
24058166	75
24058615	26
24059140	6
24063576	24
24070828	222
24072579	26
24072993	2392
24074809	424
24078097	124
24084730	93
24088847	14
24094603	116
24098803	259
24107001	332
24107628	18
24109199	148
24110711	162
24113512	2
24124373	9
24136735	15
24138010	262
24141268	53
24142061	131
24153637	319
24158368	148
24160074	79
24161015	5
24162061	104
24165519	10
24173597	27
24174754	32
24183121	42
24183312	182
24193383	67
24195339	740
24198103	47
24224646	63
24224685	39
24228029	66
24237211	339
24245238	132
24249043	195
24253493	54
24264880	1
24277431	8
24279940	59
24288213	391
24297650	98
24301169	5
24304103	56
24305501	305
24305907	66
24307610	55
24310646	225
24310719	18
24311594	60
24317699	11
24322390	26
24322737	15
24327512	64
24330295	89
24330320	41
24337612	212
24337873	18
24341073	4
24341273	93
24347632	160
24349480	27
24353303	241
24353466	84
24353917	64
24366861	71
24375939	54
24376854	151
24382273	30
24386993	74
24387730	62
24389914	3838
24392063	503
24395109	68
24396831	40
24403473	12
24404721	1797
24409378	159
24410210	260
24420506	548
24423869	132
24424126	175
24425665	72
24428594	85
24433756	320
24433842	240
24455580	495
24456714	102
24461919	109
24462046	765
24468283	63
24471201	13
24476882	13
24477982	143
24478752	294
24501920	8
24507006	47
24516823	48
24517284	26
24518180	22
24518232	69
24525868	172
24531144	168
24543517	167
24546880	62
24554806	37
24557021	22
24560304	40
24560307	742
24560345	192
24562688	125
24566021	97
24566191	192
24568713	66
24595444	116
24595604	217
24609401	62
24610319	4
24622111	30
24633503	1
24635052	24
24638380	21
24638764	318
24640725	4
24644769	1
24650339	133
24653381	836
24655114	49
24655329	2
24657821	1281
24667579	309
24668894	20
24669372	111
24671734	144
24674411	43
24677392	78
24681231	224
24681398	198
24682167	75
24685617	129
24687254	11
24688603	40
24694338	242
24703136	4
24705939	357
24711400	2122
24711589	104
24717917	97
24722002	218
24724170	9
24725587	960
24727800	114
24732433	97
24733374	1
24736064	2
24737132	84
24740176	79
24743630	1
24744635	92
24749463	91
24750302	6
24757641	36
24758457	114
24766967	257
24773666	45
24773826	43
24774658	12
24775791	14
24777832	153
24780804	1149
24781644	52
24782902	7
24786813	52
24793076	196
24797553	34
24800517	6
24804430	133
24810492	1163
24817474	79
24821847	143
24825619	8
24829371	106
24835814	2
24839939	264
24841340	13
24844805	67
24848102	83
24850617	94
24851989	112
24852387	99
24856010	309
24865568	183
24868516	89
24871990	22
24890158	492
24891617	647
24891661	1
24896510	14
24898177	49
24899166	41
24902146	279
24902957	149
24904921	75
24916087	158
24930665	899
24932432	778
24933148	30
24933326	42
24933814	143
24933949	353
24935033	424
24935177	152
24939417	56
24940582	7
24942721	49
24951510	54
24954215	175
24956772	127
24956982	1
24959925	11
24964446	161
24968227	73
24989901	182
24993138	63
24997096	54
24998407	13
24998719	75
25003905	32
25004372	55
25007160	21
25008788	20
25015456	73
25018307	7
25033055	10
25033964	3
25036206	22
25037004	10
25038616	4
25040362	102
25040658	59
25045183	19
25049768	20
25050352	2
25050844	48
25056419	75
25056806	12
25059625	4
25063362	157
25067518	192
25070885	218
25081802	506
25084719	129
25086193	82
25092941	144
25104780	10
25114359	37
25121303	190
25125602	187
25126616	62
25127914	38
25135037	109
25137524	206
25158154	21
25159454	76
25160397	31
25163509	63
25166776	366
25169249	30
25171650	75
25180795	217
25181584	110
25183328	100
25185119	50
25197244	227
25201748	153
25202650	10
25203883	2
25205317	1
25211849	174
25221636	85
25227902	95
25230524	37
25231002	63
25231213	141
25246591	319
25254780	54
25254798	64
25256202	15
25256330	102
25259399	37
25260852	13
25265236	1
25268704	82
25270902	49
25272170	179
25273785	29
25275777	81
25281621	8588
25287195	117
25287736	68
25292731	138
25294136	54
25299470	349
25301488	101
25310522	35
25319462	32
25320424	51
25334511	12
25359717	63
25360437	160
25369506	22
25370072	141
25371175	61
25372499	174
25375276	55
25378793	1
25389703	17
25391393	561
25392092	179
25394828	92
25402940	8
25409402	330
25413882	154
25427817	35
25429168	226
25432664	402
25437986	98
25446835	49
25450714	7
25450824	670
25458038	50
25459400	250
25471643	756
25475668	322
25476601	36
25483417	51
25487089	208
25487232	117
25487327	27
25494195	63
25504233	130
25525797	598
25527782	154
25528375	45
25530339	9
25536883	66
25548089	123
25566711	69
25582637	71
25587126	201
25593739	218
25594400	30
25597974	29
25606869	148
25611422	75
25614922	245
25620908	391
25623941	115
25623942	67
25626799	56
25626871	106
25632546	9
25641205	92
25644327	69
25645329	148
25653072	73
25656802	45
25661073	21
25661154	16
25665137	56
25665766	409
25670446	49
25674781	888
25678869	156
25686301	147
25688387	45
25691817	50
25693425	422
25693728	304
25696504	153
25700350	393
25700734	10
25708760	160
25712211	70
25719782	118
25728077	99
25738703	151
25742807	16
25744099	127
25744696	113
25780780	25
25780987	17
25786960	34
25788279	384
25800128	24
25804514	46
25813166	68
25817866	63
25823670	216
25826611	18
25827088	83
25837286	4
25838185	3
25841126	8
25853125	197
25856630	436
25862592	219
25871447	285
25875083	36
25878242	535
25880891	342
25882103	321
25885593	9
25889694	37
25889802	5
25893186	220
25894747	20
25910583	166
25910709	153
25917795	10
25920236	5
25920723	13
25922479	69
25932645	168
25932978	29
25934037	96
25965625	7
25968648	273
25968851	59
25979437	133
25985972	33
25986389	187
25987473	46
25996549	2
25997031	1
26000061	411
26006925	465
26012331	34
26014013	139
26014061	197
26029589	7
26031265	299
26038110	10
26039547	17
26040124	31
26057138	43
26058799	181
26062511	297
26076338	140
26077653	63
26077654	281
26082983	43
26088488	82
26101808	64
26102180	222
26103098	16
26103664	8
26109545	94
26119309	11
26121818	306
26124079	45
26128264	62
26133979	377
26159299	133
26160744	114
26161892	621
26172294	320
26176918	56
26177397	486
26181278	38
26187497	106
26187525	529
26189434	94
26192117	191
26193547	4827
26194169	172
26194951	513
26201720	44
26201730	25
26203986	23
26205980	145
26217535	8
26223243	344
26225592	79
26229585	42
26230481	98
26231745	41
26241846	1
26262349	14
26270238	158
26270317	26
26276168	4
26280126	5
26285120	91
26288209	18
26289381	567
26290096	26
26291151	1
26291234	124
26294263	57
26294277	23
26295345	452
26295349	77
26296658	76
26297305	585
26298709	5476
26298801	100
26298804	239
26298809	1203
26298815	100
26298818	799
26298821	2823
26298833	461
26298841	5194
26309788	57
26309799	142
26314357	237
26319440	48
26320215	219
26324661	69
26329214	254
26331131	68
26337322	93
26345191	140
26352090	92
26373485	58
26390088	126
26402582	18
26403221	48
26410737	68
26410803	33
26414468	344
26425838	54
26431840	148
26434490	62
26438422	37
26438848	706
26443394	11
26443666	156
26445130	113
26453840	108
26455740	127
26459635	31
26463368	82
26467698	119
26471379	468
26479833	50
26481364	398
26484267	112
26485693	98
26487064	36
26487641	174
26489909	229
26492586	32
26499478	297
26500561	63
26505810	21664
26507037	168
26509179	17
26509369	212
26516210	113
26516867	640
26522552	6
26522697	58
26526876	25
26527058	5
26530409	120
26531387	273
26539394	1263
26539744	140
26548520	2
26551529	177
26551652	559
26557412	38
26558202	183
26562374	199
26575078	1480
26577862	234
26581931	1614
26587584	333
26589934	10
26595340	19
26599920	165
26602131	247
26610130	146
26614516	6
26615042	37
26618765	11
26628954	64
26630982	38
26639809	20
26643625	26
26652340	65
26653348	25
26653684	125
26654097	108
26654807	268
26662893	4
26663749	98
26675859	47
26680464	67
26681387	360
26687986	296
26689951	66
26693758	18
26696168	21
26696267	13
26702968	17
26706381	88
26708471	21
26712042	54
26714505	119
26716567	16
26727748	29
26730195	288
26731726	948
26732453	82
26743142	39
26745548	8
26748658	50
26749455	336
26756293	80
26758825	470
26761691	206
26764547	186
26767408	64
26767942	4
26768275	172
26768336	115
26772455	387
26773740	221
26783295	333
26788257	147
26794684	13
26797139	12
26798421	106
26815515	86
26819438	78
26826032	183
26826692	173
26827924	401
26831060	44
26832780	1079
26850420	45
26850443	53
26854025	49
26854649	451
26863129	432
26870831	154
26870928	50
26871007	71
26871523	84
26874532	47
26877144	82
26881394	38
26881765	79
26882846	83
26885972	363
26886551	24
26888339	86
26901774	148
26908976	136
26916085	284
26917568	10
26929642	210
26931359	103
26937603	23
26941088	114
26943603	2
26949287	7
26963583	92
26967517	74
26970115	131
26970604	110
26971627	44
26976456	180
26977863	131
26981720	287
26985599	89
26992363	206
26996744	117
27006066	9
27007136	106
27022210	173
27024702	107
27035647	753
27039181	195
27039826	239
27040851	74
27041020	217
27041025	90
27048117	28
27049479	92
27052762	158
27054264	47
27058156	708
27058328	55
27062675	81
27073414	48
27074464	83
27083837	209
27085821	73
27088364	12
27089284	224
27089359	9
27090510	15
27091760	81
27096151	5
27105154	81
27122804	22
27145735	268
27146169	349
27152891	45
27171162	7
27172716	188
27175121	21
27182637	34
27186978	1
27192539	6
27193779	272
27195864	187
27196756	67
27197763	53
27198149	91
27221107	109
27224789	171
27232969	230
27241469	127
27242935	209
27247535	23
27251099	89
27251463	224
27286452	464
27287788	101
27310067	352
27310513	192
27312396	77
27323779	213
27340186	388
27342322	29
27346661	183
27352490	22
27358084	8
27359780	63
27374183	41
27374238	39
27382163	35
27383462	30
27383798	25
27387287	82
27388642	26
27392543	128
27398446	207
27404191	303
27405567	222
27410275	51
27412259	37
27415685	127
27432101	3348
27436450	88
27436800	50
27440142	47
27441121	46
27441508	36
27442967	278
27446716	404
27452807	93
27454562	543
27456226	60
27459467	100
27460436	73
27466548	159
27470349	191
27477457	46
27480700	60
27488848	13
27488963	141
27494663	165
27500243	21
27503825	124
27507850	15
27510315	315
27511599	69
27514711	184
27519800	101
27523092	880
27530546	54
27535396	433
27545696	25
27546098	9
27549019	212
27550292	236
27551693	63
27551774	4
27555776	61
27576132	166
27582804	309
27583674	24
27598583	121
27609596	73
27619584	51
27625425	66
27625438	112
27627407	2
27631673	236
27640677	216
27642283	42
27645128	2001
27650355	17
27653621	65
27654303	181
27661570	131
27674107	411
27684398	139
27698159	6980
27703983	102
27710155	178
27715529	231
27716248	23
27716553	674
27723379	1
27724512	83
27727916	70
27729116	14
27729880	614
27729907	60
27729926	188
27730883	34
27731269	24
27731966	89
27732028	166
27732479	74
27744828	44
27746301	103
27746341	16
27747508	65
27758092	53
27763442	2
27764811	18
27765622	65
27775666	34
27776551	377
27779913	89
27782596	86
27784785	29
27785546	13
27788471	163
27788951	35
27790033	52
27795112	141
27802833	135
27804716	75
27815832	42
27820618	9
27823188	104
27824636	293
27826359	42
27826728	192
27830346	102
27835638	16
27840184	95
27840307	27
27876171	143
27877173	355
27884585	280
27885612	28
27885801	33
27888295	72
27890669	39
27903721	173
27910564	54
27911088	1
27927984	46
27928238	425
27931142	35
27936087	46
27940263	504
27943074	3
27943640	118
27944397	159
27954927	154
27965134	739
27966694	59
27974526	233
27977987	152
27980281	83
27981533	135
27981808	273
27990160	974
27990251	105
27995806	6
28000838	7
28010520	186
28011326	79
28014525	18
28026249	215
28040758	24
28046339	225
28050478	21
28054380	66
28054492	36
28059353	77
28059374	9
28060246	632
28061353	83
28061676	76
28062377	26
28068726	3
28073153	176
28074962	9
28082853	9
28084642	246
28089885	43
28090700	236
28101522	4
28104084	68
28107852	171
28108305	11
28112474	65
28119786	191
28123883	30
28124429	84
28131018	18
28133905	115
28138406	51
28141386	14
28141388	432
28147949	24
28149027	46
28149409	96
28151709	72
28153163	1569
28154320	185
28155823	112
28156066	139
28169736	8
28178928	15
28179339	173
28182521	8
28186324	74
28186451	132
28186507	67
28186592	95
28187338	23
28187929	233
28192167	338
28195272	54
28196690	80
28200583	125
28202609	268
28208222	206
28221116	42
28223616	251
28232337	496
28232663	161
28233590	147
28233924	73
28239298	370
28239455	191
28246472	57
28248872	34
28257573	68
28257836	1
28268588	40
28269754	228
28283593	157
28283932	102
28296767	215
28305374	46
28305425	153
28310991	88
28313768	20
28315131	31
28325739	81
28337396	228
28341355	56
28345053	41
28350534	309
28353284	122
28353322	36
28360868	85
28366058	163
28367476	122
28379187	88
28384386	107
28401521	164
28404370	35
28406657	726
28407613	124
28419663	523
28427311	77
28428341	171
28429622	26
28453253	399
28453733	7
28453794	248
28456615	10
28457823	242
28464320	4844
28473628	334
28474637	180
28482346	29
28483712	181
28499921	69
28512514	135
28518679	2
28522972	207
28524244	202
28526952	72
28530868	25
28533537	9
28547391	44
28555606	77
28556914	353
28558604	90
28567703	20
28570113	253
28574623	875
28585874	78
28589709	395
28595879	17057
28603227	172
28607452	1
28607958	77
28612154	3
28622882	90
28622961	17
28630778	74
28633742	45
28634263	130
28636705	6
28646041	8
28647218	41
28650038	2003
28660348	363
28664922	54
28665556	72
28676110	38
28677072	19
28684150	32
28685529	183
28688657	196
28695436	1030
28698446	3
28699769	131
28700900	33
28700914	16
28710753	21
28711005	177
28724827	13
28730928	33
28738447	5
28751632	131
28782747	208
28788055	164
28794048	1
28796010	89
28797787	1645
28800891	46
28804670	52
28805028	197
28809173	68
28817135	38
28819218	106
28820362	109
28823015	73
28826050	183
28829212	184
28836678	269
28839373	113
28839817	87
28847653	71
28848517	309
28860345	138
28862683	24
28864313	98
28879227	388
28881630	73
28882452	154
28882767	48
28885266	8
28887613	457
28887852	158
28890185	102
28890371	27
28893470	170
28895195	224
28900548	163
28912393	6
28913584	106
28921936	505
28921939	48
28924109	221
28927963	34
28928522	135
28928917	28
28937998	6
28939564	43
28940127	434
28949681	148
28951223	525
28951925	203
28954234	201
28955570	106
28965387	29
28967021	406
28972792	249
28972854	113
28975347	223
28977089	729
28986110	3
29008402	19
29021828	112
29026137	232
29028775	216
29028889	186
29030781	249
29031987	86
29036740	33
29041906	812
29044844	275
29048891	6
29059102	226
29069174	1011
29078997	736
29079907	149
29091156	313
29093018	626
29094509	31
29094765	695
29096746	28
29101258	5
29105270	47
29107539	83
29109209	23
29114266	396
29116601	1
29119125	49
29124001	247
29126334	113
29132110	13
29132312	46
29132770	490
29137950	85
29140945	22
29142071	80
29146289	197
29150668	23
29152941	27
29157870	199
29159012	104
29162693	5
29173740	150
29174627	227
29178282	78
29181709	40
29182167	4
29183527	41
29187878	108
29189503	83
29191309	9
29194887	273
29195280	121
29196628	89
29200449	536
29206040	5
29207621	163
29212157	65
29217138	3
29217912	4
29220290	133
29235385	2
29237849	280
29238981	91
29239000	116
29241814	79
29242638	70
29243773	27
29244300	16
29250115	37
29250952	473
29251733	160
29251742	90
29256180	53
29258811	1
29260601	150
29261058	149
29261473	266
29261868	32
29265238	8
29267754	27
29268631	52
29268739	93
29273803	51
29282066	225
29284501	35
29285893	127
29286224	74
29290473	105
29292392	111
29301872	194
29302186	142
29302791	53
29302922	98
29305294	62
29306978	529
29309276	43
29314835	40
29329884	578
29339645	86
29340227	62
29342484	483
29345564	149
29352487	238
29352569	9
29358744	76
29361660	101
29363579	100
29366386	99
29374766	79
29375948	362
29377344	20
29378455	53
29379065	1
29383909	87
29385710	743
29387738	130
29390209	653
29396735	188
29397711	15
29417074	45
29419958	50
29420074	150
29428253	100
29428344	129
29428721	205
29435316	59
29439342	4
29454455	15
29459213	213
29462085	27
29476400	51
29480053	39
29480568	9
29488328	327
29497314	65
29501260	116
29504192	25
29511948	9
29513149	324
29522350	96
29523080	222
29524362	8
29528352	303
29528579	199
29537009	203
29538104	70
29543139	172
29545557	107
29553492	175
29561741	73
29566286	87
29589268	13
29589577	13
29591602	65
29596415	116
29603014	60
29605369	143
29607348	150
29608496	65
29609157	34
29615409	69
29620400	58
29623856	197
29629333	147
29632751	167
29638969	1
29647386	215
29653587	110
29663479	261
29664276	130
29666334	50
29668967	427
29675401	118
29675417	137
29677279	79
29678255	98
29685535	45
29689999	116
29700396	4
29702213	106
29703871	49
29704274	78
29712916	1
29717930	144
29725718	25
29728912	97
29730832	42
29740360	16
29741510	30
29743986	695
29747946	2949
29748109	60
29750222	212
29759522	137
29763346	219
29773174	244
29777381	269
29782198	84
29785421	810
29787434	4286
29790707	23
29790927	99
29793740	314
29794055	209
29796344	127
29798293	297
29807428	277
29823614	301
29826717	30
29842231	808
29843361	144
29851193	10
29854750	45
29856568	64
29860775	4287
29870621	5
29871122	7
29873202	57
29874861	12
29876751	17
29876931	36
29880501	116
29881173	50
29882024	91
29885398	4
29887499	152
29889288	70
29889831	21
29890166	247
29891188	67
29891418	1187
29904622	630
29906208	47
29906215	53
29912660	1314
29913496	48
29914867	209
29915222	76
29915977	81
29917715	5
29922066	4265
29922838	118
29925401	101
29925961	253
29929866	666
29933736	79
29935622	214
29939014	145
29941808	33
29948156	323
29950228	34
29950629	25
29956340	248
29962877	12
29963591	269
29974735	299
29975788	19
29978343	354
29985633	9
29986727	77
29989592	17
29990068	119
29990086	188
29990778	67
29996513	20
29998842	35
30000170	156
30000252	40
30004057	265
30013496	16
30017715	1
30023873	3
30035812	97
30039066	34
30041719	272
30043131	123
30046830	62
30051348	776
30056447	1
30056468	111
30067547	131
30077162	570
30077269	632
30077419	436
30089538	22
30092893	307
30096470	3
30096826	22
30100099	53
30111335	1340
30111875	6
30111877	193
30111969	3
30112300	216
30113785	205
30116248	211
30120110	61
30130809	376
30160313	73
30160680	291
30162008	64
30163039	117
30164806	223
30171828	33
30175039	128
30175916	96
30183477	321
30197938	181
30198400	927
30199913	1
30206593	113
30208175	12
30210846	117
30212825	358
30212992	41
30213884	668
30214678	438
30215630	42
30216785	1
30216823	38
30228025	81
30229326	61
30232082	39
30237405	217
30238090	31
30239268	94
30240067	139
30242992	60
30244462	165
30247023	35
30247733	1
30252938	80
30253357	66
30260406	608
30281152	230
30288112	111
30288456	204
30288774	239
30290312	317
30291090	2
30296685	47
30308932	174
30310864	69
30313460	22
30314613	477
30314796	65
30316427	17
30320099	107
30322647	163
30325550	156
30330372	1
30347216	33
30347679	125
30350343	451
30353581	2
30354986	223
30359229	32
30361961	91
30362909	24
30370617	110
30371889	152
30374837	64
30378060	28
30379674	77
30382555	179
30388450	60
30388638	219
30390718	29
30404237	373
30405136	1562
30410520	50
30416921	5
30418255	82
30419778	122
30420185	101
30423397	226
30423443	440
30424284	53
30426019	62
30430269	11
30431428	128
30432982	92
30440379	77
30449481	911
30459152	134
30459428	36
30467602	110
30489908	172
30494192	178
30498412	20
30501286	53
30521489	167
30524138	14
30525892	104
30530071	365
30532140	108
30533398	2
30538877	2
30539592	19
30541396	12
30552514	1
30556261	7
30561160	45
30561727	130
30562287	30
30564046	63
30566154	161
30566943	88
30574887	188
30578022	782
30579467	2
30586305	12
30589550	652
30594523	734
30595510	19
30598084	510
30598108	284
30601121	436
30604159	47
30609960	193
30610871	388
30622455	95
30622920	94
30627416	12
30631384	61
30641046	1436
30641659	242
30648603	145
30649960	66
30651839	38
30652552	24
30655979	53
30656192	220
30656817	43
30657636	614
30658923	53
30662924	87
30672740	482
30677692	528
30691273	36
30704942	17
30706461	122
30710805	156
30719638	21
30720952	142
30722866	65
30751591	31
30758999	112
30760754	6
30767797	185
30771015	183
30787715	250
30791823	34
30799431	324
30804448	125
30808194	156
30808587	40
30816603	66
30822099	540
30822337	31
30831843	657
30842703	128
30851051	500
30865179	119
30875267	49
30876709	650
30876808	237
30880219	1110
30883519	39
30883796	89
30884984	230
30886617	77
30887378	59
30890266	38
30892477	98
30895982	84
30896610	18
30898542	62
30902953	14
30903495	15
30904895	37
30917640	210
30921526	113
30922368	444
30923102	4
30924842	159
30925428	234
30930936	105
30935231	48
30936150	417
30940272	101
30958944	97
30959449	44
30967451	67
30968293	23
30976508	36
30981871	8
30985462	187
30985840	25
30988606	13
31000856	2147
31006158	2
31009853	56
31017337	137
31018716	316
31028662	74
31032158	2
31035247	48
31038255	593
31046054	182
31054058	126
31064279	191
31066593	35
31066717	155
31068350	80
31068541	283
31071821	39
31074623	92
31077135	362
31078007	6019
31086367	706
31089461	3
31114746	59
31119561	609
31124054	210
31129978	180
31145213	18
31150535	61
31150888	244
31164943	216
31167560	40
31169720	48
31171598	49
31193367	174
31203288	128
31207301	233
31207941	29
31208500	393
31210625	289
31211061	8
31215230	7
31216782	73
31217439	340
31235783	101
31244986	40
31246292	6747
31249402	185
31256533	71
31260699	148
31260785	104
31260860	114
31261671	122
31267047	71
31270208	45
31270514	355
31272823	68
31275512	18
31284947	213
31285570	103
31288958	257
31292536	228
31293240	4241
31293245	1254
31296125	70
31305253	6187
31305508	5353
31309095	252
31312528	371
31313341	11
31315021	40
31315121	188
31315581	2
31316356	71
31320841	62
31322622	60
31323121	426
31323426	16
31326403	774
31335300	53
31342263	53
31351213	38
31363041	1
31378406	79
31378968	89
31379612	44
31379631	2
31382470	7
31384607	40
31385127	389
31385838	63
31391984	246
31399389	167
31399597	57
31404632	64
31404980	165
31409916	147
31423016	118
31432509	37
31440025	400
31440605	107
31445069	2
31449758	78
31450442	220
31455126	80
31456330	310
31477695	9
31478316	425
31489824	148
31492490	133
31494227	1
31494383	19
31504491	208
31506829	22
31518667	81
31524768	7
31528657	172
31530807	91
31533997	14
31536112	372
31544129	345
31549380	80
31550315	48
31551932	15
31556434	35
31579007	278
31586617	146
31589741	94
31590736	11
31592796	98
31595164	280
31596194	7
31596861	171
31606111	42
31606510	105
31609901	10
31617364	95
31624713	495
31625029	147
31632536	315
31646449	12
31656020	169
31659554	12
31661469	105
31663949	231
31668757	26
31670909	108
31678130	51
31678154	28
31679498	123
31680332	241
31681575	37
31700962	892
31717051	5
31720714	27
31733947	536
31737623	75
31746003	75
31751857	31
31754199	10
31764022	47
31764172	49
31769954	2
31773272	253
31777470	118
31782137	11292
31785239	123
31785713	176
31795341	6
31795654	94
31804846	125
31810895	58
31811658	71
31819766	1
31829770	71
31830551	55
31845395	5
31849407	398
31856692	41
31866997	130
31869154	21
31871758	422
31901253	133
31902801	6
31907909	48
31912519	81
31917832	52
31918222	241
31921136	16
31925313	324
31930999	69
31936600	112
31941241	94
31942738	2
31964797	86
31976268	446
31976777	101
31979038	165
31981526	47
31985425	73
31994448	54
31997130	415
31999455	203
32020533	90
32021594	1
32022044	130
32026925	1
32027352	235
32031269	63
32031502	668
32032028	14
32043598	14
32045445	29
32051890	6
32066248	128
32066393	187
32069595	226
32084673	116
32091173	16
32095577	91
32096083	20
32096631	101
32098074	152
32104924	44
32105525	54
32105887	128
32106837	25
32110415	293
32122597	82
32128459	574
32129096	263
32131850	321
32140396	408
32144149	100
32146399	78
32148604	44
32155630	106
32156383	11
32162758	28
32163555	275
32164751	259
32166571	12
32166773	67
32169193	56
32169668	34
32177271	92
32182811	78
32197485	123
32201285	76
32201325	356
32202720	67
32204250	159
32207362	194
32211548	17
32214785	295
32217455	368
32219677	56
32224035	209
32225660	3
32231207	161
32232341	84
32238433	144
32247847	21
32249719	123
32269001	207
32271212	142
32284972	111
32290526	182
32298051	182
32313713	153
32317959	103
32320252	152
32321532	26
32324664	6
32330529	560
32334227	69
32337782	203
32344265	320
32345949	158
32346001	282
32352756	5
32376872	137
32379260	138
32381703	471
32386036	135
32388834	67
32392996	59
32394262	23
32394848	113
32395793	1
32398083	465
32398965	177
32403249	124
32403967	141
32405591	115
32407464	2971
32411368	14
32411454	157
32422113	206
32422808	586
32434683	223
32436741	274
32438240	6425
32447747	43
32449981	23
32450069	108
32451122	1302
32451549	7
32464563	58
32465472	93
32467098	82
32472065	922
32481543	119
32483484	77
32484381	208
32486778	19
32487763	184
32488688	482
32496778	410
32498704	177
32500265	121
32500369	23
32504509	216
32512635	110
32514669	283
32520034	46
32521417	147
32526744	144
32542624	102
32542977	37
32545743	197
32546897	155
32550106	360
32553922	279
32555425	273
32559905	231
32573437	45
32575663	167
32578467	163
32584444	41
32593630	27
32593928	138
32598942	64
32600951	91
32603842	11
32610203	378
32621856	22
32623844	41
32627766	952
32634405	80
32636176	62
32654500	52
32661937	29
32663725	72
32665964	198
32689932	93
32690936	165
32696793	225
32697425	137
32704748	300
32707129	76
32710456	141
32714897	494
32721618	228
32734884	12
32739388	3
32742922	2
32746219	101
32748072	260
32749778	310
32753016	131
32758266	45
32761091	54
32773265	88
32774942	132
32787174	193
32789259	439
32792088	46
32796067	30
32804992	34
32819225	23
32819266	112
32823958	98
32825584	278
32829432	203
32831821	1989
32836701	75
32839544	21
32841259	104
32848140	82
32853405	487
32854024	9
32866454	237
32873313	408
32873485	26
32873631	279
32875627	57
32877020	466
32881914	396
32884975	245
32890693	126
32894178	73
32897760	191
32908944	2
32916096	131
32919066	135
32921053	28946
32921736	485
32923449	30
32935674	40
32935706	188
32935729	248
32935745	74
32944298	2
32947292	43
32950120	46
32950650	241
32951609	254
32953007	106
32954411	144
32973467	149
32979234	129
32979266	51
32981459	30
32981525	158
32987989	259
32993622	186
32993709	32
32995588	13
32996313	878
32997039	187
32997061	10
32997564	30
32998261	29
32999152	8
33000337	106
33000490	131
33005433	44
33006732	182
33014811	124
33015583	167
33017149	42
33025729	121
33041393	1776
33041722	233
33055929	37
33056374	344
33066062	351
33071776	554
33078138	55
33081860	14
33086103	84
33086805	6
33087133	8339
33088691	1822
33099290	72
33120052	76
33120392	177
33120453	213
33127716	39
33140918	84
33141100	265
33146693	12
33149177	107
33154212	5
33155818	133
33170944	87
33174074	146
33178339	37
33182993	148
33183004	122
33185377	96
33185433	72
33189478	373
33189733	122
33190852	78
33193812	732
33205137	310
33210754	17
33213527	95
33217151	72
33225164	13
33233148	695
33236143	109
33246127	60
33253174	127
33254196	225
33256388	455
33257894	98
33258973	17
33263118	456
33264452	35
33265971	77
33293613	253
33305424	280
33314136	45
33323602	65
33324427	160
33327754	288
33336280	176
33339660	7
33354438	138
33357328	314
33360677	391
33361215	140
33369437	3
33373072	67
33382231	311
33389183	1
33396594	94
33401957	61
33407833	59
33415384	86
33421022	68
33423841	190
33426538	51
33435422	161
33442556	5
33455452	622
33458750	498
33464875	104
33467707	23
33468397	127
33470245	185
33483970	48
33486016	48
33489346	126
33494287	25
33500788	540
33506056	1
33507356	1380
33508795	206
33515504	5
33521321	103
33525565	11057
33529410	18493
33530534	173
33535588	154
33539856	67
33541887	217
33557791	122
33559148	349
33562436	17874
33569135	44
33570206	19784
33574907	40
33577269	55
33578240	442
33600732	211
33603292	201
33605063	463
33605302	131
33614304	203
33619219	912
33630825	134
33634359	29
33634731	66
33635520	167
33635700	64
33639946	979
33649217	481
33653601	78
33659435	49
33659492	550
33664893	655
33666094	851
33671107	381
33672481	163
33678290	67
33684032	24
33684785	19
33684818	19
33684852	398
33685026	2
33686686	347
33687207	363
33690587	143
33692780	398
33705347	117
33707511	523
33717916	2619
33718145	38
33719320	29
33721890	32
33722546	473
33724410	6
33724799	344
33725284	53
33729332	932
33729445	61
33732941	207
33733873	111
33740196	252
33740468	37
33745038	62
33745170	38
33745341	382
33755123	7
33755552	247
33757805	152
33762090	123
33765491	107
33766371	15
33768009	28
33770699	187
33781179	718
33784208	183
33784533	229
33787591	12
33789738	38
33791453	194
33791743	64
33796329	98
33822851	49
33823684	265
33829862	235
33851326	73
33857651	2091
33866783	155
33870540	67
33872272	126
33872776	58
33880292	16
33884891	77
33888697	687
33889464	10
33890684	1333
33895378	47
33897199	158
33903775	26
33907815	19056
33911214	1
33914260	195
33916850	99
33917970	117
33920671	21
33920958	168
33928671	41
33933892	39
33934446	204
33935620	445
33935699	65
33936204	104
33947548	50
33955225	33
33957962	796
33966235	111
33982609	255
33985005	122
33994380	277
34000996	38
34002088	59
34006010	1
34007834	4
34008153	32
34010061	78
34012403	60
34014069	51
34021217	213
34022393	190
34023787	700
34024678	41
34027663	291
34037292	96
34039690	172
34044841	920
34046340	179
34050418	28
34056196	251
34062225	182
34077573	18
34098300	72
34105868	66
34119431	1048
34119446	1320
34120387	349
34122184	80
34122335	22
34122974	24
34129770	57
34136406	8
34138622	42
34139663	260
34150685	97
34161579	241
34163640	834
34170745	387
34179396	125
34181517	50
34197379	304
34205730	3
34214734	379
34224001	12
34226344	133
34237013	145
34262290	123
34264106	31
34268799	123
34275045	103
34275705	78
34279409	121
34282926	23
34289951	47
34293060	35
34294743	64
34313594	127
34334720	45
34338551	53
34340650	86
34344902	46
34348490	78
34351616	3
34353535	67
34356619	11
34356899	34
34357242	476
34358654	69
34359875	56
34383946	50
34387522	163
34389248	112
34392023	61
34396268	92
34404866	14
34407651	407
34409518	142
34413610	77
34461036	70
34464442	192
34465642	18
34469544	22
34478922	168
34510688	220
34515034	640
34526884	305
34542634	61
34546298	13
34549247	192
34552829	195
34579480	135
34579507	88
34586916	180
34588529	179
34602639	161
34610048	3
34613881	550
34613911	351
34613928	1026
34613938	1572
34623745	52
34624998	159
34626102	1896
34628321	221
34641785	136
34644570	113
34654210	239
34654348	120
34659664	166
34660216	20
34668029	9
34668101	87
34668370	19
34673946	12
34674855	281
34678084	158
34686570	25
34687928	42
34689810	31
34725861	159
34731455	376
34753721	68
34761715	169
34769044	486
34777095	25
34777562	8
34786289	62
34786903	1449
34799858	561
34801867	2482
34808241	18
34815006	347
34815037	103
34815647	4
34817922	267
34822474	35
34824538	30
34839383	1
34847907	33
34851284	7
34863478	5
34864402	15
34871138	114
34875681	13
34875777	13
34882260	16
34899242	91
34907666	731
34909549	106
34921116	42
34927706	12
34931316	208
34933072	134
34945600	569
34945778	104
34950583	121
34955357	21
34979578	15
34982189	100
34993481	431
35001420	37
35003822	97
35014743	258
35015112	77
35015510	323
35018396	11
35026969	255
35027026	106
35029011	27
35030215	49
35030283	41
35033450	108
35035252	214
35038011	2
35038415	9
35040362	289
35047072	179
35065114	12
35075268	196
35079964	32
35084888	95
35088430	59
35088538	137
35102223	284
35107131	158
35114205	21
35117428	3
35123886	1559
35138604	104
35162817	1
35163301	110
35168789	957
35171002	297
35175824	229
35177076	204
35185578	21
35206972	13
35210580	28
35211188	143
35213370	22
35214502	165
35217675	167
35229304	90
35233736	36
35233843	45
35234698	102
35242228	2
35244385	1072
35257631	41
35275064	185
35290187	122
35301048	74
35303752	184
35304390	52
35307583	49
35309137	98
35317492	156
35342587	5
35351010	74
35368384	31
35368469	198
35378524	212
35409090	429
35440649	85
35443111	129
35455703	97
35457404	10
35467512	79
35469223	44
35477331	204
35481491	197
35487094	375
35491426	207
35495094	3
35496971	76
35497990	33
35501081	250
35514054	880
35515707	133
35515847	5950
35517126	41
35524468	201
35545853	10
35562367	39
35562993	35
35563024	14
35564394	190
35569321	74
35573493	233
35574796	321
35589720	5
35589848	300
35594963	109
35600361	21
35610806	663
35623373	20
35624459	69
35637132	2
35637571	61
35639490	51
35640229	66
35640493	118
35653603	55
35662043	20
35677027	137
35683094	269
35692286	18
35707182	58
35721426	31
35725079	15
35726310	841
35732214	34
35739817	43
35743088	8
35748065	61
35775353	123
35777460	75
35778258	54
35780977	120
35791480	26
35810200	69
35812583	22
35820728	167
35822470	137
35827831	37
35829574	95
35831213	428
35849749	213
35859018	1
35866694	410
35870639	33
35887251	109
35914020	133
35923881	434
35963136	7
35968578	1
35978199	16
36019977	122
36044148	3
36048128	254
36050721	41
36050777	219
36057260	61
36057743	191
36060204	51
36065708	102
36069374	4
36069920	62
36072810	256
36074217	130
36080785	59
36081560	219
36100803	123
36102020	308
36114400	1
36115621	386
36163522	1
36196592	4
36197611	33
36204816	479
36215083	8
36219866	392
36228231	55
36231837	89
36232010	39
36236297	10
36280728	8
36289937	3
36291514	13
36296643	74
36297214	50
36299209	8
36305724	68
36311795	2
36314634	117
36316259	20
36335174	45
36335572	61
36337394	9236
36349344	11
36363136	72
36367230	249
36371959	19
36373300	40
36373515	32
36393490	74
36398343	3
36423883	57
36449868	90
36450965	7
36454957	53
36463352	37
36489042	59
36489802	137
36495646	18
36510047	90
36521942	3
36522703	47
36534747	4
36535156	185
36535637	66
36543009	87
36570161	21
36580770	58
36606153	741
36632102	114
36633370	27
36664153	86
36674234	65
36675403	28
36685189	145
36723985	13
36732493	42
36747016	113
36753839	45
36754402	67
36758056	1
36763523	13
36781769	96
36788656	11
36799074	116
36800456	5
36803364	22
36804927	120
36816925	30
36817565	19
36821218	12
36825823	31
36827699	45
36836475	32
36840131	101
36852343	157
36859608	45
36871385	112
36876641	39
36903368	1
36914478	50
36915747	87
36952387	6
36960293	22
36960321	28
36963616	11
36970603	73
36972937	60
37000492	93
37038578	18
37060852	8
37069077	15
37074635	7
37075508	171
37078656	16
37079565	27
37081145	132
37085010	12
37087063	99
37104400	49
37128972	84
37136244	34
37146622	109
37148122	5
37158489	171
37188850	3
37206505	40
37246537	48
37272584	22
37272599	10
37291353	54
37314717	23
37316577	39
37330092	24
37340420	66
37342150	18
37343900	11
37344798	243
37346186	41
37366973	10
37372629	16
37379872	239
37393279	78
37412410	635
37426721	32
37448451	37
37454434	41
37484557	32
37489525	26
37503843	34
37526090	4
37527063	14
37552846	4
37572134	2
37579170	2
37579734	23
37580569	2
37587238	7
37598169	56
37606943	2
37611928	9
37620743	60
37626670	2
37635799	130
37636654	3
37674339	85
37690762	2
37691314	6
37695418	10
37724576	35
37730180	256
37730245	33
37732356	134
37743219	29
37744249	20
37748937	2
37793162	46
37793170	61
37829238	41
37830760	13
37849969	6
37860317	32
37887426	2
37888362	2
37906580	7
37907177	4
37919514	7
37927712	80
37931301	25
37934493	970
37934828	963
37943581	4
37974276	1
37987406	5
37988993	10
37989794	122
38003518	7
38052207	30
38098982	5
38174398	4
38203514	13
38232091	2
38242554	3
38250483	1
38256238	4
38261575	1
38278075	9
38290488	6
38298912	8
38302322	10
38304949	10
38311906	4
38329408	7
38330224	10
38335220	2
