27	62
3314	40
5625	10
8393	21
8514	740
14507	11
18294	115
19438	47
20724	105
21692	199
25545	1106
26554	114
35649	7
36502	27
42376	57
44462	43
47087	18
47476	2
49515	45
54084	161
65252	217
65646	227
65830	83
65832	100
65923	130
72690	70
84009	26
85953	32
86149	59
101248	151
107202	402
107872	95
108050	70
108110	833
108125	84
108278	151
108289	46
112633	50
117646	125
119854	188
123235	51
123299	2
128476	53
129295	37
130013	88
133684	21
138635	50
142609	150
143131	471
143580	1
145744	37
150294	134
152179	183
153204	58
155815	39
157985	99
158617	86
167174	66
168370	477
172153	46
175623	127
184366	140
184460	174
188759	44
192904	35
203666	58
206084	1891
206317	538
206387	143
206412	125
206444	384
211588	45
212862	6
220164	229
228094	230
229070	199
232390	168
233792	340
237159	15
237904	38
238492	1301
238972	52
238983	16
238986	22
245541	70
247278	1518
247909	391
248523	45
253476	67
255478	67
256164	141
261943	59
263379	56
265995	128
272173	102
273602	384
274782	31
285304	56
285722	221
286066	24
291137	102
297058	131
299271	1
301742	49
302322	1348
308770	35
309009	54
310611	112
312262	5
313419	18
316712	132
317045	3
317757	67
317887	2569
317888	169
321278	37
324747	21
328597	62
330275	16
332545	48
345280	20
345337	214
347655	291
349241	43
353561	15
353685	121
355634	73
356066	205
356756	23
361310	25
366441	79
374927	28
375152	63
385586	25
387520	1
388113	57
390217	5
393047	12
393344	370
401025	8
408338	179
437011	38
441269	4
441543	174
447036	3
447184	30
448045	62
454214	162
455600	507
455831	7
456930	38
458058	151
460078	171
461209	75
465681	63
467471	57
471732	39
476179	82
478584	48
478996	47
481872	294
483659	26
485108	185
486298	16
487492	38
488514	72
489645	94
498850	202
500795	25
502760	126
507123	42
507569	122
507610	132
507775	908
508845	1
509028	2
509575	312
512295	99
512298	32
512679	81
514380	33
517990	2
519832	66
521583	32
526028	46
527644	4
529502	30
537699	153
541983	162
557980	32
569041	193
571770	265
574877	34
576201	9
578384	46
578839	102
579738	28
581356	10
596892	24
597879	182
597887	68
602890	3
606956	103
610415	1
611921	35
612230	52
614070	75
615969	212
618492	66
622127	66
631615	286
632112	343
639921	107
640534	136
641512	34
641525	324
641729	32
644423	223
648332	86
648414	23
652386	161
655492	175
656494	171
656720	332
658518	72
664301	2
666566	53
666888	598
667006	80
669174	17
671825	171
672715	208
677781	33
684382	74
686868	13
689344	2431
690903	86
692528	28
697520	71
698041	19
701765	94
705634	59
711079	4
712530	36
714074	128
715547	177
715605	6
721054	24
724020	454
724712	681
728994	5
729744	195
732593	431
733019	201
734934	27
738250	64
744916	59
745749	83
747698	40
748030	27
748738	1
749137	44
753784	46
755200	47
756856	217
757363	12
760165	58
762119	146
764708	235
771016	2
779996	65
780341	1
781544	5
790019	132
790031	507
790359	143
791299	443
791477	42
791611	671
791640	49
792833	117
800441	21
800928	153
805461	35
810796	35
812393	37
816197	44
819907	53
825741	22
827590	86
827722	91
832676	155
835507	50
835535	1563
841835	78
842037	2
843222	290
843358	96
847885	1
847957	23
858127	254
862601	142
864806	40
865250	42
867564	48
869096	131
869754	258
873328	993
879116	58
880770	60
885517	38
886774	4
888060	684
888427	75
890377	63
892275	47
901025	86
901277	130
901662	72
904641	192
908607	180
910744	129
910752	201
910757	35
911765	3
911980	90
914985	5
915844	63
919161	210
924551	196
927442	318
929845	9
930224	631
930571	53
931033	113
931039	9
931135	53
931255	90
940538	48
942613	39
942931	15
943149	14
948661	255
949129	42
952189	36
956827	7
957012	33
959908	1
960233	67
961036	176
961733	490
962564	185
964174	64
966583	122
968839	8
976994	57
979480	124
980970	1
984345	117
984742	36
990281	37
993110	14
1006445	36
1019473	406
1020639	117
1028340	45
1031235	77
1039520	603
1049088	59
1049095	197
1050944	146
1053270	50
1053964	80
1056713	11
1059929	40
1062897	65
1064563	126
1067525	82
1068018	217
1069569	219
1071489	282
1076898	167
1081665	7
1084114	91
1085124	18
1086798	88
1090311	100
1093060	122
1095228	75
1099265	56
1103607	142
1105519	20
1125389	10
1125630	79
1128600	56
1129337	107
1135454	65
1138583	34
1147463	442
1148753	254
1151051	63
1172597	34
1175581	114
1181927	260
1181972	122
1185279	286
1194211	11
1197206	74
1200050	54
1204214	1
1206024	3
1208360	437
1210071	120
1213225	81
1217614	444
1219740	124
1222504	471
1222592	174
1223855	33
1234714	317
1235485	10
1235740	121
1237874	2
1240382	57
1241677	494
1254497	135
1257070	111
1257080	57
1257084	122
1257087	44
1258570	1964
1264336	18
1272129	91
1272666	20
1278128	147
1279434	129
1280180	512
1283503	42
1287028	23
1287727	92
1287859	123
1288626	100
1291410	82
1299359	2
1300564	1
1301584	165
1304738	137
1305114	26
1314300	32
1314319	1011
1317787	145
1318892	27
1322284	74
1322330	71
1322545	31
1325546	61
1325549	623
1325649	366
1326671	19
1330256	25
1333343	48
1334821	2
1334924	80
1338040	66
1338813	1
1339922	152
1342470	210
1342620	253
1346783	4
1349775	5
1352520	429
1357796	1
1358940	350
1362490	46
1365306	51
1370858	75
1374101	85
1374129	70
1377037	124
1377239	1241
1381673	76
1383170	61
1385122	219
1385890	172
1388245	4
1391100	2
1404690	103
1409811	574
1413319	149
1415827	15
1418150	38
1419138	11
1420053	16
1420493	2
1423099	120
1425437	44
1428040	103
1430051	997
1431547	93
1434550	46
1438007	6
1439473	50
1439738	2
1440272	18
1441721	48
1446500	242
1449773	52
1450115	193
1451352	22
1460385	197
1461609	68
1462077	39
1463490	453
1464380	40
1464595	141
1465033	129
1477472	3
1483572	15
1490568	149
1509011	64
1510809	125
1512901	62
1514950	114
1517414	53
1524644	34
1524684	10
1530481	56
1533568	21
1536544	69
1548202	330
1553753	143
1553758	405
1560597	497
1563281	44
1569073	12
1570020	2
1571820	50
1572659	1
1574212	402
1576831	14
1580036	108
1580851	7
1581769	16
1584339	156
1593053	192
1596580	193
1597789	34
1599151	31
1602660	180
1604375	54
1606074	36
1607357	35
1610564	419
1613176	162
1614410	604
1616402	177
1616665	311
1622872	5
1625491	176
1625986	144
1626780	9
1644196	589
1644676	44
1653882	3
1660918	117
1661758	4
1663468	146
1663890	99
1666784	82
1666821	4
1671811	237
1674792	111
1677407	6
1687351	6
1690480	788
1691187	1
1701384	72
1701968	16
1723986	33
1725199	51
1738725	13
1740040	1035
1740059	84
1745807	418
1751775	94
1756711	44
1760792	100
1761476	255
1764646	151
1768238	37
1775980	168
1786560	1
1787757	4
1790564	4
1801829	130
1803961	1547
1811965	74
1825913	128
1826128	13
1828795	50
1835758	3
1836229	53
1836255	23
1841284	1
1844251	68
1847706	212
1858510	98
1859479	64
1859793	50
1860560	126
1861458	15
1863329	25
1864099	75
1864151	25
1864194	63
1864226	19
1864233	61
1864363	108
1873841	50
1873881	110
1885237	14
1888891	125
1890900	73
1897370	169
1903522	550
1904156	230
1911523	76
1918677	52
1920851	2556
1920949	169
1921247	121
1921504	124
1922169	39
1922200	80
1922374	59
1923779	69
1923800	121
1924458	134
1925095	60
1925148	85
1925520	139
1925655	64
1925908	92
1926534	75
1926698	89
1938370	106
1939769	64
1942549	51
1959076	44
1966390	89
1971451	305
1979797	54
1981746	161
1981821	36
1984460	154
1987576	44
1994469	35
1996077	18
1997671	94
1999692	47
2001025	1
2003641	46
2006302	176
2006495	2
2006876	270
2012231	14
2014929	67
2019791	29
2028724	182
2029185	114
2030681	30
2031428	24
2031640	20
2034023	59
2034526	33
2034867	6
2040856	74
2044033	37
2045207	129
2046192	197
2048269	66
2050163	135
2051452	114
2052629	36
2055965	54
2056634	25
2060910	2334
2067253	35
2070482	286
2073049	108
2080922	68
2081118	1
2081289	140
2090979	111
2092983	1
2094401	241
2100564	16
2101031	1
2108481	24
2113067	128
2113510	62
2126244	61
2133437	42
2138392	38
2141186	164
2147447	133
2149695	101
2155157	146
2156455	257
2156559	158
2158534	158
2158982	59
2161031	107
2163263	112
2164979	235
2165383	28
2166420	94
2168780	185
2174666	101
2179920	443
2180048	109
2180736	28
2181257	27
2183193	142
2185934	42
2193032	93
2196186	186
2203645	87
2209077	272
2212385	15
2228226	2
2232731	53
2233998	34
2234102	2
2234863	135
2236146	178
2253830	27
2255296	1
2255947	38
2262874	53
2263742	117
2267558	320
2269868	86
2272939	199
2275553	53
2278445	43
2287140	298
2293158	215
2296970	44
2301574	144
2302803	47
2303178	34
2304420	49
2304599	121
2304783	1
2304962	42
2309696	78
2310495	472
2317369	1402
2319498	172
2325298	201
2325416	25
2328181	1714
2331534	16
2338086	6
2339555	60
2340549	92
2341302	101
2349728	49
2350412	147
2352744	197
2354240	69
2356406	280
2357747	98
2357859	54
2360755	126
2363097	29
2363832	4
2365549	12349
2367681	27
2370458	123
2373365	10
2377477	77
2381732	100
2382336	162
2386778	105
2389172	134
2389274	101
2395672	895
2400289	500
2400847	171
2401217	8
2410676	44
2416064	61
2418592	31
2421610	425
2425199	228
2445970	173
2446718	206
2452759	58
2459172	9
2461945	17
2464156	11
2464908	197
2465723	6
2466955	1
2468290	49
2476162	29
2478263	130
2479886	43
2480286	5
2481963	6
2488436	37
2489216	954
2490468	62
2491877	64
2500088	374
2504560	37
2505756	29
2505791	87
2508083	48
2508768	97
2516243	1
2517120	272
2521861	16
2524488	63
2525042	14
2526173	123
2527828	48
2528254	62
2528259	45
2528278	75
2532922	58
2536145	12
2541704	39
2543687	784
2546562	62
2556327	214
2558636	50
2560988	60
2565137	36
2567844	386
2573058	85
2577235	244
2578543	150
2579314	30
2584777	77
2594116	514
2598605	93
2606211	76
2615451	191
2627116	79
2629302	192
2636759	45
2649031	60
2649214	5
2651887	202
2651948	19
2656556	38
2665040	89
2665166	301
2665618	17
2666605	51
2671513	156
2674774	220
2675949	75
2677676	40
2681994	38
2685841	106
2686502	336
2686767	30
2688907	54
2695844	227
2697139	36
2698821	1
2699935	70
2701888	92
2709026	70
2709641	148
2715933	128
2717549	217
2721373	47
2722709	2
2723178	30
2724167	2
2731301	367
2734482	16
2742622	24
2750721	51
2751199	166
2751440	254
2752170	247
2752522	127
2766100	64
2776635	25
2780345	8
2782691	2
2784782	62
2788503	92
2790220	174
2793788	60
2802565	18
2809086	2
2810292	41
2812668	30
2819705	17
2822954	38
2827177	132
2828239	92
2833537	51
2835111	2
2847387	259
2854337	3
2857373	27
2866041	65
2867982	13
2868327	96
2874972	97
2875825	7
2880469	1
2881111	69
2882118	145
2883574	1
2884111	3
2885436	65
2889230	71
2889328	1241
2890621	38
2892177	222
2895869	50
2898846	47
2907031	37
2909429	3
2911292	1
2913389	43
2918806	118
2923105	612
2928944	84
2931111	21
2932773	49
2933469	53
2934254	39
2935735	27
2944302	2
2950981	34
2965621	6
2966241	203
2967233	93
2968000	154
2974730	25
2975643	168
2986762	52
2988101	434
2990192	182
2997204	1
3006066	41
3006455	6
3007569	6
3010630	73
3016562	133
3016640	23
3018212	14
3019537	96
3021325	243
3022687	146
3028364	200
3030065	38
3034889	67
3035586	41
3038446	444
3038937	156
3039183	1516
3039703	360
3040675	50
3041962	1
3055234	4
3070367	260
3070373	5
3073296	16
3077654	78
3102131	121
3122202	168
3123604	215
3130403	13
3135721	12
3145660	154
3147354	26
3149845	534
3149948	5
3161786	75
3167000	12
3180598	176
3180628	212
3180673	220
3192691	1
3193843	214
3195124	86
3198415	1
3200859	182
3204437	88
3205485	45
3207878	119
3208640	101
3208991	328
3211201	283
3214406	5
3217621	538
3228363	84
3228505	373
3234987	1324
3238243	101
3239063	383
3245790	2
3254877	266
3272632	365
3287301	2865
3287353	1108
3287453	377
3287516	802
3291848	104
3299208	354
3301400	60
3302872	1
3305384	119
3305584	1
3311711	18
3316237	13
3319769	85
3326050	6
3330745	103
3343704	47
3346849	119
3348394	38
3351871	101
3376848	69
3382195	6
3386088	47
3388498	34
3390243	681
3392244	53
3393127	2
3395179	283
3400393	218
3407135	42
3429490	228
3431193	315
3432266	721
3444030	29
3447593	122
3449791	68
3451238	22
3455070	68
3456407	2
3462772	43
3463903	10
3466769	39
3470471	12
3472187	15
3473767	36
3476845	53
3477982	36
3480666	76
3482893	153
3483205	45
3483944	110
3485822	166
3499610	58
3507455	494
3510804	17
3524851	296
3532660	69
3543548	104
3557314	2
3559019	378
3569633	24
3570951	204
3577919	2
3582763	98
3591964	4
3597279	41
3602598	2
3606624	45
3606738	177
3610323	2
3615238	7
3616611	604
3618133	177
3618686	23
3620194	27
3623050	1881
3626403	25
3626679	27
3629537	101
3631697	219
3633660	261
3634196	89
3643206	3
3646562	271
3652623	2240
3655926	21
3659275	92
3661343	114
3662176	2
3662905	56
3669065	127
3671342	48
3671479	108
3671909	37
3673976	7
3678731	46
3692188	37
3717775	1
3720868	38
3721224	24
3723999	76
3727706	153
3728161	88
3730529	60
3743376	100
3744545	41
3745077	92
3750921	20
3757512	41
3758878	57
3766330	27
3766706	20
3768868	409
3769702	222
3783584	2
3785670	24
3786237	677
3789101	16
3791835	508
3797741	278
3803067	68
3807746	637
3807749	14
3809620	7
3834332	238
3834571	27
3843585	6
3844046	49
3849109	171
3853423	31
3867127	41
3870624	1
3875528	5
3875901	16
3880513	112
3884981	84
3900128	5
3910314	35
3910945	211
3913468	92
3915777	77
3918508	283
3925242	269
3928902	45
3938684	3
3955647	419
3961425	43
3975322	72
3987025	105
3989388	8
3993627	2
4000279	229
4007018	90
4015965	21
4021475	61
4022719	4
4025121	90
4037197	25
4038949	474
4039952	9
4044891	125
4046291	33
4056288	55
4059172	54
4060891	1
4072305	45
4073516	102
4078698	105
4081150	113
4084908	167
4084995	9
4085998	84
4090287	57
4095287	136
4097634	73
4106792	210
4109488	171
4118920	254
4127088	11
4128353	28
4135058	4
4136024	213
4137249	11
4147239	529
4157924	257
4158448	405
4164482	445
4184894	45
4186141	47
4193432	22
4208139	25
4213386	25
4224042	81
4228314	76
4237289	76
4238977	45
4239408	216
4248640	39
4253774	171
4254338	41
4259466	8
4270061	19
4272561	25
4279682	129
4284689	32
4285537	3
4297273	50
4303154	4
4327751	9
4331833	3
4335519	80
4335576	53
4335832	1
4337337	2
4339773	1
4341964	70
4344257	48
4357484	56
4360334	49
4361779	27
4370755	627
4373521	151
4380969	16
4387088	7
4387547	124
4393940	68
4407774	165
4410456	78
4423334	256
4423775	21
4423776	55
4434126	26
4434819	19
4447023	225
4454793	89
4455628	139
4462204	8
4465750	81
4473517	126
4475362	79
4475999	3
4499907	68
4508653	388
4508687	15
4514536	42
4521463	52
4521794	122
4524181	166
4525910	20
4526816	178
4526900	84
4530345	45
4530750	133
4533258	115
4533720	81
4535077	146
4537276	240
4537508	278
4537775	357
4537830	67
4542716	1978
4565995	19
4576131	461
4576305	168
4578344	204
4585500	73
4586516	48
4587149	65
4588705	70
4589555	17
4591214	106
4597760	90
4597815	30
4598984	2
4599128	407
4604245	11
4610231	101
4614726	130
4616337	5
4618168	54
4630534	4
4639390	212
4649599	1
4663744	7
4665416	273
4665479	273
4672472	2
4679626	45
4693087	77
4693675	48
4694540	156
4704710	17
4712548	30
4723248	189
4729944	54
4741172	19
4743255	164
4752317	21
4758330	113
4766638	7
4775544	149
4776767	61
4787136	31
4787500	35
4793392	131
4802269	121
4812728	52
4813239	217
4814354	24
4815490	150
4816474	617
4853645	58
4853649	606
4857740	3
4858466	9
4864651	112
4867294	10
4867945	121
4869294	793
4871551	2
4877415	62
4879511	11
4883759	16
4885383	107
4890177	9
4909355	248
4917029	99
4924151	66
4930716	15
4935742	66
4943857	77
4961126	250
4977367	71
4978045	100
4979467	5
4989235	68
4989765	55
4994785	13
4999959	59
5022564	1336
5093126	40
5096124	47
5101141	37
5103785	69
5108051	182
5108836	21
5132476	42
5132596	169
5133949	112
5140481	134
5143809	229
5150954	50
5152285	118
5152718	26
5153143	191
5164978	68
5171600	143
5179099	34
5183393	85
5186631	9
5187976	93
5197539	52
5198041	30
5207280	144
5224788	128
5225555	112
5234086	1
5238231	111
5239185	2
5241312	77
5244445	3
5245876	4
5248606	189
5250457	5
5250779	71
5252760	6
5253056	181
5254557	69
5259347	5
5263844	122
5270567	3
5274894	332
5296618	25
5298790	391
5312648	32
5314652	170
5320283	185
5331035	65
5346495	10
5349565	342
5351666	26
5367323	124
5372872	613
5373551	211
5380818	5
5383731	171
5384390	4
5390156	21
5390641	412
5398345	1
5403482	58
5409008	10
5410234	17
5426219	190
5427454	491
5429835	97
5431309	3
5438867	17
5441793	45
5446003	76
5453324	261
5453989	94
5455458	91
5457485	1
5476048	34
5482172	61
5483330	12
5483921	261
5497412	33
5510151	431
5527797	18
5532320	95
5541745	85
5545025	7
5550552	710
5550556	93
5550567	92
5550595	77
5550623	161
5556347	38
5561238	44
5567874	528
5569059	31
5589723	47
5598310	198
5612317	8
5618793	46
5629592	134
5634276	89
5663857	77
5670751	343
5674787	219
5683653	89
5691661	87
5694513	43
5706983	107
5710341	105
5710848	9
5718947	45
5719299	158
5720995	50
5731348	68
5736080	260
5741125	5
5743159	2
5750827	177
5780416	105
5782626	84
5793738	58
5793895	102
5801666	92
5803673	3
5808515	75
5830987	29
5844399	49
5844474	2
5845944	105
5848067	19
5850234	141
5853229	38
5855873	243
5856509	139
5862644	1
5874515	22
5875200	7
5885483	224
5888353	138
5896523	174
5904223	9
5909066	1166
5913967	159
5923215	31
5937690	8
5955967	412
5962880	19
5972219	35
5973732	17
5973855	421
5973879	40
5974058	11
5979499	1
5987163	46
6009557	44
6009785	13
6011756	81
6019698	17
6025763	139
6031942	4196
6032589	8
6039425	100
6039946	39
6041301	97
6041894	17
6047468	107
6058123	4199
6058151	4199
6058234	4196
6064643	7
6066709	84
6078184	1516
6078190	690
6080978	27
6082996	25
6083248	3
6084210	2
6092163	42
6093316	916
6094683	342
6097139	57
6098697	54
6106345	38
6126775	29
6138801	414
6140556	56
6150069	41
6153802	388
6153942	1
6158882	115
6186747	124
6198699	56
6201092	233
6210034	96
6223866	81
6228378	2
6228403	2
6234127	16
6235174	70
6240726	166
6248414	7
6248645	34
6250543	32
6251267	94
6257856	31
6267670	88
6269013	55
6275065	165
6279318	60
6280464	9
6287585	5
6293402	157
6296742	17
6296790	548
6296814	70
6297520	107
6298444	157
6308277	76
6308288	121
6309729	12
6318086	114
6319157	43
6322699	1
6325420	102
6326372	18
6328806	120
6331139	1
6337271	15
6340228	8
6349023	25
6351071	7
6351407	25
6358188	202
6364653	331
6365284	85
6365343	163
6370012	16
6383869	33
6384356	162
6402099	7
6403019	841
6404963	53
6405172	147
6408204	394
6410069	23
6426016	197
6427813	79
6428619	218
6429859	5
6433838	146
6435042	82
6437150	5
6438280	62
6439786	1767
6439865	151
6444116	44
6455642	13
6470655	23
6470657	3
6471233	48
6474045	12
6474647	1
6479730	8
6486826	215
6487031	8
6495081	1065
6495082	3953
6495204	86
6495465	199
6495859	294
6495879	448
6498492	56
6502093	99
6505090	1
6505724	9
6506651	4
6512548	9
6520784	74
6523023	3
6543378	18
6547965	50
6552612	9
6556815	58
6558697	17
6568554	67
6581870	217
6589168	2
6604361	48
6617651	7
6621471	1
6642735	135
6645850	4
6645958	66
6652220	17
6656911	26
6660536	69
6667084	183
6670942	21
6676523	63
6679556	48
6687936	1
6697600	145
6698407	15
6707453	20
6709682	25
6723399	9
6727151	46
6730452	394
6745533	543
6749378	1
6762867	447
6762869	49
6763576	2
6763587	3
6766558	58
6768710	199
6770930	91
6774018	437
6780767	21
6787544	123
6806252	60
6815085	9
6815666	1
6830846	67
6835366	13
6838921	62
6855801	15
6857360	3
6857384	80
6872992	6
6877175	46
6882427	30
6884056	36
6884828	4
6885644	10
6887813	206
6888625	19
6900541	16
6902326	24
6902698	1534
6908992	53
6929734	383
6934395	297
6935442	109
6938835	4
6942323	40
6946079	5
6946296	412
6966619	76
6968490	23
6970004	369
6981258	399
6982635	34
6987237	8
6999340	84
7003316	47
7018954	29
7025013	22
7026531	97
7032323	28
7035651	83
7039626	15
7040101	41
7045549	124
7053637	130
7056202	217
7060712	4
7068587	57
7078527	1
7083240	7
7083414	421
7095300	16
7100405	467
7120249	85
7120990	162
7122594	4
7133153	30
7134007	80
7134260	28
7141465	130
7162694	46
7166369	130
7167597	1
7176141	27
7177096	34
7177269	88
7190749	9
7190986	124
7191565	23
7193045	267
7202769	58
7204315	25
7209075	304
7212645	6
7212717	58
7228264	45
7229063	5
7238422	694
7241039	1
7251195	76
7252233	155
7254810	237
7257740	11
7261231	16
7262203	10
7276954	595
7281853	82
7283919	18
7300454	87
7349289	49
7363211	32
7367878	208
7370241	302
7372528	28
7374322	39
7378757	39
7380066	158
7383074	104
7386799	4
7388628	71
7391261	1112
7394347	45
7408108	39
7411076	52
7413451	52
7416546	248
7420937	225
7426399	64
7426402	77
7430030	30
7437073	135
7445517	583
7454197	68
7455475	122
7457728	17
7473403	3
7480345	1
7496174	1
7497749	103
7506968	38
7508411	2
7512098	68
7512484	325
7514970	168
7517166	91
7527552	27
7528679	48
7530570	20
7537577	79
7543898	22
7544769	24
7546847	98
7548986	235
7550637	140
7551429	232
7560589	166
7565594	57
7569578	629
7590021	2
7590028	110
7600409	17
7606744	118
7613257	170
7621309	804
7626736	75
7628687	18
7634677	285
7639232	60
7653178	90
7667624	14
7672454	737
7677845	135
7691631	1047
7693799	10
7700081	100
7700636	53
7710647	324
7711472	18
7715820	209
7716869	81
7716883	6
7731254	73
7731339	32
7741856	4
7742825	151
7748336	120
7756449	1
7760890	8
7763363	131
7763529	43
7777650	77
7785050	121
7786818	174
7802677	54
7804562	25
7804910	51
7805516	177
7805522	177
7805529	177
7807399	94
7827081	2
7828354	115
7828683	29
7830124	141
7833168	198
7844340	324
7891564	7
7893220	1
7895524	11
7901696	24
7909342	40
7910045	42
7913085	4
7913469	13
7915145	8
7918325	1
7941882	39
7948548	27
7953576	6
7959652	41
7959865	17
7960131	123
7963570	72
7964711	1
7990116	69
7992797	40
7994556	68
8010626	142
8011618	108
8013225	500
8013536	8
8016431	176
8018179	106
8043756	1
8046076	296
8048400	54
8049051	1
8049897	289
8050444	19
8054343	2
8059194	3
8061086	250
8069196	85
8069286	120
8071542	37
8077402	65
8077957	6
8085749	35
8100370	40
8105769	210
8122790	2
8135462	4
8138568	1
8139882	40
8141162	99
8143458	31
8162615	72
8165801	489
8170076	76
8179702	95
8189762	10
8195265	177
8198511	3
8224923	4
8230809	95
8231332	62
8231466	170
8238693	82
8258806	33
8262097	177
8262104	177
8262178	31
8266573	73
8270972	79
8271291	95
8272315	97
8276387	21
8279644	9
8279795	66
8290123	1
8292625	65
8292791	7
8295531	109
8309253	13
8315086	86
8328240	4
8331069	36
8347276	69
8349595	14
8357227	205
8381041	86
8398194	91
8399379	9
8405629	88
8406138	54
8415631	62
8421800	70
8424040	154
8451893	19
8452115	6
8453583	38
8458155	7
8463294	234
8466379	47
8466436	5
8469202	43
8469395	1
8471572	27
8475218	53
8479951	16
8484604	225
8488820	98
8488891	20
8490349	85
8490984	21
8495499	480
8497919	1
8508587	107
8510611	312
8513618	1
8521842	77
8538889	30
8539874	291
8540039	39
8543344	28
8551488	84
8553857	102
8556864	126
8567814	16
8569918	31
8575137	24
8589420	21
8590623	776
8594752	51
8595323	11
8604178	44
8604367	44
8608254	125
8609125	7
8624041	150
8627760	236
8629417	125
8635901	45
8636336	4
8636532	11
8651750	59
8660284	36
8662641	26
8664152	60
8670892	387
8681349	50
8685799	100
8701184	43
8709187	82
8710734	52
8750617	488
8757552	516
8759937	93
8764368	3
8768406	74
8779606	16
8815876	51
8837935	85
8843683	26
8859405	114
8859531	14
8863081	92
8865337	287
8869463	147
8877030	49
8880675	119
8881628	92
8890632	24
8891184	2
8896307	24
8921879	14
8926250	121
8933498	1
8935948	18
8936874	75
8957264	68
8962829	41
8966356	101
8969224	103
8971938	12
8972654	499
8973396	678
8986217	26
8989842	67
9036469	14
9037631	8
9043012	26
9043124	85
9043150	17
9056142	15
9060347	45
9064487	4
9066347	99
9074774	2
9076111	1
9082091	6
9082212	67
9088826	39
9103211	194
9113580	234
9120498	88
9123595	64
9131292	20
9136748	73
9171664	4
9173686	6
9185792	5
9185941	40
9207280	144
9209369	19
9214660	71
9214768	23
9224525	24
9240204	7
9243402	10
9250933	28
9252013	166
9252268	295
9252533	71
9265076	52
9265294	33
9278135	76
9279386	120
9280589	3
9283927	4
9286853	73
9289343	41
9290699	104
9303582	45
9306568	9
9307757	34
9309093	12
9318794	115
9325315	28
9329559	355
9329764	66
9331079	220
9332221	13
9340574	251
9342529	303
9345383	189
9349347	73
9349840	2
9350746	89
9359429	144
9368729	56
9376434	67
9376661	6
9376753	17
9377198	4
9384267	428
9393759	1
9394379	223
9395761	57
9395939	70
9399334	12
9405122	104
9406464	135
9412941	211
9418501	5
9432220	280
9446651	3
9451481	45
9452427	69
9453410	7
9453798	144
9458484	57
9467250	138
9467421	4
9469271	36
9470526	70
9478219	227
9480177	4
9504214	211
9507628	100
9516362	6
9517720	97
9521528	60
9524997	70
9529675	13
9530894	386
9542455	8
9545146	73
9549081	339
9568894	19
9580819	59
9582940	423
9603429	106
9603756	67
9603889	504
9607679	368
9607896	73
9609018	482
9616535	177
9632355	6
9639981	19
9647856	3
9673156	14
9675694	32
9677526	92
9678849	42
9681561	11
9683876	17
9693534	361
9702026	99
9709563	5
9710679	52
9718691	27
9726245	64
9735077	146
9746477	266
9751165	122
9752041	503
9753621	264
9754983	51
9759448	189
9777075	74
9777338	168
9782488	34
9787757	39
9788097	131
9796252	130
9797512	86
9806460	1729
9852744	16
9852918	169
9873034	9
9873477	35
9878056	8
9881671	291
9885334	19
9886107	72
9887009	24
9887542	92
9891249	29
9895954	6
9897045	28
9900750	123
9909566	42
9914227	13
9916379	14
9922918	8
9938754	93
9942347	36
9942565	78
9943536	2
9952213	43
9957667	217
9957772	98
9970049	135
9971852	188
9982892	65
9988318	168
9988978	163
9992330	115
9992805	220
9994688	80
9996255	30
9998516	48
10009991	73
10026600	20
10032394	217
10033151	2
10037542	6
10040960	55
10041891	49
10042512	1
10054361	15
10057936	2
10059083	55
10060064	155
10064545	97
10066301	241
10066825	30
10069490	2
10071659	22
10079122	215
10081109	17
10081608	66
10097543	56
10112200	99
10118908	26
10120998	363
10126031	63
10126908	30
10140982	69
10148287	1
10160141	47
10170062	67
10173690	39
10174599	17
10178188	65
10182205	32
10187082	20
10191885	8
10192332	2038
10199599	98
10216041	6
10217788	35
10218080	61
10219106	46
10237433	11
10240775	1159
10246360	38
10247146	107
10247874	51
10270250	278
10282042	1
10287592	368
10289171	87
10295399	255
10314483	2207
10319056	152
10321181	4
10328082	286
10332822	409
10337846	99
10353788	395
10353886	82
10365411	34
10371103	42
10379062	9
10383821	1
10383867	121
10384993	263
10389144	2
10391073	567
10395188	150
10399273	143
10399553	107
10400632	71
10410764	28
10411154	186
10413050	31
10420996	3
10426982	3
10427524	14
10431787	44
10437688	70
10441188	1
10444725	103
10446266	1207
10446270	921
10446275	8985
10446281	1180
10446890	140
10450961	61
10452358	66
10458362	79
10464907	59
10475661	9
10476504	9
10485244	108
10487363	360
10498102	29
10501638	4
10504658	15
10513590	155
10521431	31
10522120	62
10524957	63
10532531	41
10535450	711
10546179	76
10555573	4
10556194	63
10557569	41
10558135	141
10559993	123
10567197	167
10572563	41
10579398	33
10582468	3
10600160	152
10608078	184
10608253	82
10608695	54
10609307	4
10609320	3
10614101	508
10614642	2
10616272	6
10624203	100
10624930	30
10637896	324
10646414	44
10649374	176
10651005	12
10651157	122
10654725	4
10675052	167
10679421	76
10687368	333
10696042	10
10697582	128
10705327	15
10707658	40
10723688	117
10725942	218
10767025	77
10777044	45
10798864	156
10800667	59
10808320	7
10823628	11
10825001	35
10827035	24
10851820	68
10870200	13
10870999	9
10876724	103
10878758	22
10894716	31
10903163	188
10915984	74
10923187	105
10941409	157
10965582	34
10970967	48
10973192	1
10974951	411
10984611	6
10984686	44
10985948	13
10986476	51
10992987	6
10994345	523
10997446	113
11000666	185
11007313	306
11008076	141
11008207	252
11014681	407
11029192	90
11036316	1
11061773	279
11070128	82
11074178	168
11081909	21
11095034	13
11099534	225
11108787	9
11110027	3
11111023	27
11116372	238
11125081	25
11125172	21
11125589	265
11138330	60
11142045	73
11158196	55
11159552	2
11167738	13
11171548	47
11180687	218
11195700	19
11196484	17
11198185	135
11206255	31
11214554	4
11221607	123
11224542	15
11225014	252
11233996	57
11238265	153
11239863	4
11262602	81
11262948	125
11267509	18
11276147	6
11290232	215
11293574	5
11309292	231
11319396	860
11321096	33
11322967	88
11337147	44
11337159	24
11340559	10
11363784	55
11364783	6
11367150	93
11369053	13
11369603	30
11369724	113
11370270	246
11371048	126
11377499	26
11396385	148
11397939	137
11401165	28
11407242	73
11411642	75
11424867	110
11429455	188
11432401	205
11436474	60
11436986	129
11440751	140
11442585	20
11445479	248
11446601	4
11447202	35
11452538	13
11452644	12
11452676	154
11461524	17
11463670	143
11469439	461
11469535	23
11478636	36
11480705	39
11481338	216
11482884	18
11489037	177
11496279	15
11507163	8
11507244	30
11508445	66
11530220	100
11542346	41
11545107	311
11545928	18
11549335	7
11574485	4
11577304	260
11579275	6
11580928	83
11589713	89
11591855	7
11595901	17
11597120	74
11599760	98
11607598	37
11615192	20
11616657	22
11621778	99
11630229	1
11632485	45
11636545	47
11639637	103
11645798	3
11652141	177
11654790	35
11656984	6
11657493	30
11667865	23
11670333	14
11672345	57
11675425	10
11677934	22
11680792	198
11682819	46
11686678	19
11693709	172
11698692	893
11711223	93
11723602	12
11727301	453
11729727	4
11730342	17
11753734	166
11778024	120
11780463	5
11780797	334
11786550	8
11788320	2
11796548	196
11796974	87
11801062	112
11802259	187
11819493	226
11823977	6
11825056	768
11827104	17
11836349	122
11837082	104
11847500	57
11848896	175
11851668	14
11854950	99
11859481	9
11863336	23
11893084	8
11893119	42
11894308	50
11900313	70
11901464	42
11901762	32
11920542	19
11921791	51
11931032	64
11934257	56
11939484	141
11943128	2
11951063	2
11971588	96
11981144	452
11984597	73
11993347	5
12000586	101
12004006	63
12009595	1
12019742	29
12028512	75
12034795	75
12040130	2118
12043103	209
12048721	70
12049777	526
12050055	170
12057192	4
12064378	1
12068195	34
12087348	17
12089001	30
12090329	25
12093600	177
12093609	177
12093618	177
12115269	133
12127251	3
12143380	2
12164675	73
12165060	28
12166086	108
12166778	28
12169108	68
12173486	68
12175500	18
12186764	41
12188834	20
12189965	231
12193604	28
12196957	105
12199913	23
12201538	110
12204147	4
12204626	28
12217334	86
12223350	141
12226786	24
12228386	61
12230758	2
12235583	20
12246785	3
12254645	69
12256376	202
12267843	164
12271122	22
12271469	40
12278235	12
12284716	4
12289642	208
12296490	323
12298112	227
12307386	3
12310030	44
12317077	52
12318573	51
12318702	316
12319410	161
12322922	50
12323472	125
12335264	23
12347995	370
12357974	44
12358097	51
12359519	3
12363387	36
12373318	19
12383106	44
12384349	85
12385273	481
12387079	74
12391677	78
12393514	28
12399790	30
12414546	5
12418999	31
12419502	3
12422224	192
12423493	111
12425151	182
12425155	221
12428376	6
12434060	5
12440699	49
12440855	274
12445598	27
12446912	5
12452145	484
12457554	1
12463973	26
12465195	208
12465340	111
12469627	16
12473049	60
12480323	1299
12495928	2
12499251	430
12511640	12
12522239	2
12558422	1
12564119	183
12564225	111
12570984	42
12571201	212
12575050	745
12578007	27
12590052	16
12592267	46
12599239	22
12618379	98
12625626	975
12630818	469
12645106	102
12645326	251
12649048	57
12654833	74
12659010	43
12670444	68
12678311	50
12687065	3
12688822	1
12704352	4
12715951	2
12719877	77
12736575	64
12744481	46
12745174	541
12745236	173
12746760	39
12755139	192
12756992	66
12760899	12
12764410	176
12764467	60
12771934	218
12777979	96
12779803	36
12784865	60
12785038	2
12791642	75
12793129	77
12797939	34
12798028	944
12801725	307
12808420	3
12820537	4
12822482	32
12824647	106
12847818	125
12848767	6
12888993	11
12896452	28
12899761	1
12901526	2
12919747	81
12926963	5
12927339	45
12929272	36
12953256	58
12957621	104
12960038	19
12960439	21
12962729	6
12968763	185
12970971	3
12972263	17
12978955	140
12983151	236
12987612	295
12990303	24
12994924	126
12996092	175
13003799	47
13019369	28
13021798	58
13032626	495
13036312	15
13037998	216
13039628	164
13044600	8
13045763	35
13073056	11
13078968	131
13079486	10
13088951	3
13111330	25
13111393	30
13114888	93
13123142	192
13124802	417
13126567	347
13131245	15
13142126	15
13152531	304
13158707	35
13174854	357
13179939	119
13180726	32
13186315	1075
13198211	366
13203894	110
13206906	136
13212165	108
13220460	652
13221727	37
13226069	57
13233158	61
13248841	16
13254298	37
13258039	270
13261932	181
13264827	122
13266601	305
13271888	13
13280401	174
13295877	23
13297858	6
13300645	36
13322751	40
13342418	99
13344397	97
13348302	155
13352640	33
13352949	61
13356287	140
13367144	282
13367154	92
13373129	122
13379760	1
13380820	33
13382476	134
13384052	48
13386008	172
13392416	1
13399878	231
13400023	203
13404515	14
13419223	101
13421878	140
13428264	183
13429048	3
13432875	127
13435213	9
13439661	2
13440432	10
13441218	88
13442719	30
13446739	97
13466009	39
13471446	234
13491895	145
13497651	8
13501212	73
13509108	375
13510362	37
13512018	43
13512328	6
13513899	100
13527677	6
13527761	24
13532244	8
13540853	86
13550592	13
13559106	116
13562581	14
13565654	64
13572830	57
13573524	29
13584262	55
13584754	176
13586541	206
13589209	9
13594531	186
13595305	27
13595710	73
13596674	87
13628170	33
13628634	11
13631804	109
13633443	34
13655949	207
13660977	65
13661983	54
13663023	70
13667312	5
13674972	58
13677187	64
13677447	87
13677899	1
13678015	37
13681869	5
13692183	80
13702782	12
13705374	73
13712111	37
13722758	35
13723173	76
13739356	5
13739672	157
13740589	21
13741751	46
13742421	34
13746980	69
13753636	294
13783687	2
13788490	13
13800390	14
13807606	48
13816197	112
13825712	30
13830293	68
13830890	9
13839311	10525
13843551	64
13847975	17
13850187	50
13854660	28
13855476	34
13862381	5
13862999	221
13863130	242
13868681	95
13868906	125
13869700	46
13870310	56
13872231	43
13872749	141
13886553	75
13890450	68
13895958	31
13899674	29
13909573	106
13911014	289
13911118	27
13914116	239
13916980	100
13918591	38
13919525	9
13926404	99
13936031	110
13945352	78
13958501	280
13959086	273
13960310	33
13962843	25
13966675	14
13974873	6
13986915	7
14002592	3713
14003491	24
14005591	29
14016084	159
14019038	6
14021280	2915
14037931	39
14040634	12
14049216	348
14050117	84
14051004	2
14058345	192
14064064	251
14082447	23
14089735	153
14109374	257
14111847	20
14115364	19
14116604	28
14117583	277
14124274	2
14125254	118
14125991	52
14133680	155
14133994	114
14135467	116
14135470	169
14135471	57
14145700	35
14145875	43
14146757	63
14159669	757
14160827	5
14167154	98
14167761	346
14172799	26
14176513	77
14183836	12
14186284	126
14191740	34
14202056	27
14210523	40
14212481	127
14218066	66
14222962	3
14224695	52
14225208	3
14239425	5
14259390	6
14265145	43
14275136	71
14294972	63
14296513	2
14299552	12
14303048	1148
14304788	286
14305727	47
14307869	38
14309417	35
14309704	167
14310443	370
14313288	5
14325128	51
14340510	9
14346979	32
14350085	208
14352668	342
14353912	141
14358653	106
14377751	41
14377977	5
14378003	143
14380246	70
14384924	230
14397208	145
14398834	58
14400546	10
14410778	119
14415854	145
14422403	20
14430294	14
14433715	190
14438041	3
14440270	27
14447732	179
14473933	256
14507564	28
14509809	70
14514251	50
14528678	49
14536022	151
14536054	142
14536397	115
14536685	3
14540979	5
14541530	37
14556029	89
14562056	20
14579099	24
14579179	35
14590125	288
14611005	3
14630881	3
14640193	4
14641855	21
14644908	62
14650917	347
14651973	158
14665885	54
14676369	18
14678339	103
14679065	18
14685930	97
14696091	234
14696916	1
14698686	3
14702444	119
14703038	7
14712850	200
14716368	280
14718267	23
14724954	26
14724975	34
14730563	225
14732311	13
14734876	135
14735403	19
14735429	21
14739084	201
14745710	722
14747279	44
14751944	193
14774840	152
14794708	183
14807757	10
14812776	269
14814565	133
14836615	55
14847048	30
14849761	116
14849992	166
14852193	174
14857326	225
14863998	1
14865444	8
14882706	102
14884825	52
14887134	6
14887549	1765
14889955	20
14895592	259
14895964	86
14902556	81
14904442	59
14909673	24
14920729	11
14930729	26
14939303	508
14941095	256
14949094	84
14960387	7
14964475	237
14964923	65
14971435	22
14975695	117
14979312	75
14981376	1
14995189	259
14999623	90
15008139	5
15015736	9
15022868	15
15032738	2748
15043926	2
15045751	139
15057515	4
15059922	65
15061404	9
15062869	104
15071115	41
15078210	423
15085215	1169
15085427	88
15088276	27
15099935	19
15100395	15117
15101579	227
15102455	21
15109640	16
15110606	26
15110788	27
15111821	279
15115183	500
15116946	14
15126429	4
15131726	61
15137572	261
15141040	123
15144030	1
15149168	35
15155534	98
15168264	50
15168680	169
15169178	231
15169186	132
15173563	214
15174830	89
15188780	102
15189073	49
15193430	595
15202468	1
15221515	161
15222252	116
15225670	97
15231212	275
15231881	1
15233168	45
15237269	3
15237541	112
15238968	28
15253684	70
15256185	18
15259244	18
15266847	256
15267532	193
15270164	10
15284623	7
15284898	41
15286424	100
15297985	6
15300899	1
15303888	14
15308499	15
15309233	14
15312233	77
15315123	120
15320915	2
15325259	26
15333809	124
15337142	407
15346914	5
15350502	75
15360927	69
15365681	335
15366663	394
15366666	36
15370964	9
15378655	45
15379098	32
15379620	201
15381801	209
15385321	22
15385961	43
15404425	31
15415690	34
15428480	11
15443552	9
15450627	263
15452919	7
15462791	100
15475337	80
15480067	69
15498456	205
15500883	80
15508537	53
15509440	1
15510138	8
15510233	35
15526570	255
15528570	373
15531098	13
15531892	172
15534120	17
15536087	11
15540931	5
15540967	3
15543455	89
15560403	93
15563862	571
15582869	45
15586319	1
15595723	69
15602984	8
15610705	213
15612322	38
15614464	42
15625359	4
15634981	386
15644177	358
15644594	94
15649903	307
15652312	96
15657128	72
15657361	94
15660461	232
15662105	39
15674129	3
15678737	235
15710196	32
15714062	13
15716034	26
15717188	31
15717825	6
15720445	26
15728293	233
15733598	322
15736441	174
15750847	68
15773229	227
15773235	117
15777788	43
15778896	25
15778981	148
15787723	33
15794753	145
15799524	26
15800167	169
15800559	226
15803613	55
15805577	22
15810595	1
15812236	88
15813955	17
15814195	2
15814642	299
15829025	101
15830664	4
15835991	2
15836199	83
15836601	3
15836700	131
15846397	21
15852088	74
15855480	508
15860426	70
15866170	51
15866222	44
15870488	314
15874544	9
15875350	166
15879942	3
15881868	69
15884166	61
15884459	27
15885765	56
15891343	87
15896070	1128
15910961	86
15917856	76
15920273	114
15920430	205
15921181	1
15926180	21
15930255	50
15936129	4
15937188	243
15943682	163
15945573	20
15949777	66
15979234	167
15993612	50
15994863	52
15995923	57
15999442	20
16000649	100
16000814	47
16008423	45
16008426	11
16009363	47
16009986	49
16035058	30
16050838	178
16062805	135
16066615	326
16072585	157
16077937	34
16078440	74
16080807	269
16089035	7
16091467	4412
16097563	25
16120959	50
16146440	48
16147933	9
16149854	8
16150585	234
16151707	14
16154093	1
16154146	344
16155267	9
16157746	2
16161513	20
16162184	115
16162789	185
16174770	19
16176176	2
16176198	27
16180304	49
16180517	36
16181515	13
16182383	1
16189016	67
16191201	107
16203458	164
16203763	556
16205925	230
16213441	1
16218301	92
16237479	1
16238673	168
16241224	94
16246536	42
16250474	10
16251053	691
16256144	75
16264762	45
16276216	406
16277254	65
16282196	304
16286131	504
16294920	116
16294999	3
16300347	2
16301196	4
16311759	173
16312934	109
16316451	113
16316805	40
16322464	44
16323162	55
16324657	118
16329342	2
16338711	137
16340224	46
16341913	166
16343999	58
16346182	3
16347164	61
16348598	2
16362469	110
16362479	167
16362553	209
16362568	90
16366081	87
16366134	11
16378879	251
16388445	8
16389681	36
16389919	400
16394253	877
16394957	17
16396294	33
16406574	6
16408992	179
16409491	53
16410307	32
16410428	49
16411534	804
16416867	450
16417125	127
16420691	63
16422517	223
16425042	165
16427229	20
16429916	50
16438233	1
16454003	58
16455599	92
16466496	241
16468113	182
16471584	47
16473475	115
16473585	188
16479108	211
16483819	14
16488998	14
16491880	2
16492034	28
16495777	2
16501680	12
16512976	48
16513414	53
16515058	88
16515681	48
16516614	89
16522943	506
16540103	4
16543113	121
16552047	8
16554739	143
16557832	34
16560435	1569
16563587	469
16574627	146
16579440	104
16584540	46
16587283	103
16588204	550
16594532	136
16599031	5
16599849	99
16607898	74
16607947	4
16614373	43
16614962	36
16621659	147
16627197	116
16630141	2
16634147	16
16634370	79
16635010	41
16635131	30
16639166	14
16653123	107
16653696	344
16657312	9
16665486	235
16685462	91
16686826	27
16687979	25
16688238	4
16691792	1
16694400	7
16695539	31
16703726	274
16705517	190
16714860	126
16730422	268
16734168	77
16734696	94
16738401	46
16740301	63
16752620	128
16764080	95
16768736	1
16772886	326
16775200	58
16785816	3
16803058	65
16811071	260
16811502	19
16817497	32
16819795	26
16831981	122
16832741	244
16844474	201
16851223	123
16865424	65
16873349	24
16883305	25
16901948	100
16907474	176
16919993	115
16940616	3
16950782	132
16963210	181
16964911	144
16968096	18
16971008	56
16972952	5
16974937	98
16976982	55
16977232	41
16977479	352
16977759	78
16987877	115
16994149	45
17014419	82
17021514	197
17025114	2
17034809	169
17035121	3
17055264	89
17056120	24
17066884	54
17072437	52
17072697	40
17075030	99
17075662	131
17089728	43
17098046	96
17101123	2205
17104739	72
17107479	46
17118201	180
17126406	40
17127549	61
17127687	35
17131821	26
17132419	79
17132838	80
17133812	82
17140192	63
17148588	104
17151764	878
17153329	23
17154867	40
17163720	130
17165658	1134
17167136	49
17171710	26
17173120	6
17179173	37
17192644	2
17193734	379
17198768	13
17199910	8
17201744	24
17201753	27
17217530	4
17218148	134
17219500	7
17224514	47
17227535	12
17228786	21
17231517	35
17234665	273
17238844	77
17241201	113
17249478	41
17252115	163
17254728	17
17257794	443
17262653	149
17268927	13
17278743	2
17281415	20
17287926	6
17287980	12
17295621	45
17302568	377
17303641	32
17307763	27
17310099	43
17311922	139
17322695	170
17323102	76
17325575	44
17335035	17
17338734	44
17342018	200
17347463	16
17356911	29
17358571	46
17359210	84
17361596	4
17363774	179
17368821	345
17368872	35
17371412	908
17372733	13
17373313	37
17374588	149
17374594	58
17374598	65
17374628	212
17374635	70
17374645	32
17374659	57
17378009	62
17378050	27
17391973	23
17395836	812
17403476	14
17408788	159
17411967	11
17420913	84
17431378	17
17434802	9
17434992	29
17446726	24
17448603	56
17449498	68
17450228	140
17456254	77
17468556	171
17477111	20
17486281	11
17492965	62
17496194	1
17501090	170
17505614	97
17508889	95
17516793	239
17522563	191
17527989	20
17530284	271
17541180	182
17548048	2
17548747	43
17571990	155
17575535	1
17578798	1096
17582613	130
17582757	69
17591748	13
17592572	31
17605599	118
17608126	229
17611577	103
17621075	345
17621336	14
17630058	710
17630288	145
17632122	74
17632837	103
17634071	524
17637707	21
17647639	14
17649551	14
17650869	93
17655588	37
17656498	665
17668184	230
17685829	481
17686967	16
17690715	5
17703190	258
17705626	46
17714944	65
17723699	3
17724730	80
17728164	747
17733250	355
17735839	5
17742767	4
17762755	19
17763851	8
17775355	3
17777303	398
17784202	22
17784299	71
17792490	441
17794940	309
17808780	10
17812193	6
17812682	11
17814354	1
17818696	124
17824536	75
17824809	5
17826843	25
17830703	231
17832726	48
17835410	184
17837583	105
17839346	49
17842334	34
17844840	11
17845246	157
17845275	50
17846690	7
17852451	4
17861126	7
17894272	4
17898911	33
17905329	72
17905989	56
17906147	11
17907002	10
17907356	2875
17908447	36
17913633	101
17917662	6
17919669	209
17925227	10
17928207	327
17931379	57
17934994	3
17939582	5
17954730	448
17956445	37
17960746	73
17964653	1
17964729	111
17971138	105
17973188	82
17974627	875
17974816	245
17975644	61
17977128	50
17982061	12
17985744	2148
18023059	276
18026324	8
18037815	125
18047592	1
18049133	8
18051302	7
18055618	133
18056680	39
18059069	49
18062944	36
18069188	28
18074184	31
18076288	8
18082434	126
18099749	38
18102026	7
18115347	12168
18116062	9
18128548	13
18129915	133
18141084	114
18148206	20
18150451	95
18150497	139
18158702	8
18170257	6
18172227	31
18178675	262
18180090	120
18180732	93
18183494	192
18188537	98
18189061	166
18201810	216
18210190	143
18214081	83
18217012	64
18221501	19
18222972	135
18224920	110
18225913	55
18248068	45
18259368	92
18271108	1
18280236	81
18286047	96
18306049	3
18307175	157
18312071	26
18317669	193
18320220	32
18320947	64
18326574	70
18326701	49
18327074	264
18327496	19
18327506	105
18327612	17
18327618	16
18327626	144
18327646	35
18327658	8
18327738	16
18327753	11
18327786	14
18328345	4
18328813	4
18339970	9
18343137	157
18348651	5
18351718	21
18379141	45
18383364	273
18394987	10
18399519	24
18403574	12
18406709	3
18411790	80
18411972	258
18412580	57
18440563	5
18442380	2
18442381	101
18448108	61
18471236	124
18474889	26
18486304	345
18494160	28
18503427	33
18511687	161
18512431	7
18524934	208
18525371	125
18529246	359
18552822	562
18553777	350
18556147	355
18566245	1
18569427	66
18574457	90
18580533	388
18581578	28
18589213	24
18595011	79
18604656	13
18609428	96
18612437	73
18617943	295
18618251	204
18618267	67
18623438	34
18641380	116
18642416	41
18642969	23
18648455	120
18650199	103
18663590	46
18669969	48
18673522	19
18689903	67
18708438	42
18715057	45
18715646	97
18730183	168
18737218	37
18741799	171
18751259	175
18776427	43
18777006	5
18777864	49
18798826	78
18802989	55
18807835	98
18809854	126
18814466	45
18835805	42
18837028	48
18838035	3
18840003	62
18845024	134
18847464	40
18847851	47
18848568	11
18852165	59
18856208	77
18872244	48
18875357	106
18885593	4
18885925	21
18887842	91
18887928	6
18895427	21
18901345	145
18910239	28
18912503	418
18918709	28
18924701	3
18934693	1151
18946763	25
18950216	264
18950460	20
18962634	78
18962767	135
18974940	62
18987413	141
18992158	18
18992225	8
18997629	1
19002414	93
19006435	24
19008038	31
19036577	94
19040095	42
19040482	2
19044298	74
19047649	128
19049758	128
19049917	58
19051806	225
19061144	12
19078059	43
19079918	162
19083268	54
19085756	584
19097645	52
19126114	25
19141754	41
19143929	7
19146570	24
19148949	62
19150258	48
19158009	48
19172212	85
19204004	1
19205896	21
19206221	66
19217274	63
19238853	31
19241830	5
19245921	289
19248542	314
19249835	87
19257170	25
19266337	49
19267652	67
19271395	29
19272315	50
19279199	4
19279458	117
19289265	15
19290649	3
19292003	218
19292203	63
19294052	182
19296674	292
19297959	52
19313590	172
19314620	24
19314991	64
19316619	123
19316865	10
19317893	257
19318458	38
19340336	11
19344362	12
19347267	13
19350397	79
19351480	47
19351660	37
19353092	916
19353482	121
19354145	2
19358114	89
19360616	132
19366500	116
19368221	164
19368783	91
19369035	69
19374812	43
19376602	13
19377180	102
19381895	41
19384819	87
19387222	223
19390712	17
19401646	139
19402258	38
19402347	46
19407947	1
19416551	39
19423184	17
19428677	32
19429698	20
19436483	29
19449327	15
19467184	58
19467512	2
19475113	133
19476134	397
19483231	123
19483273	77
19498290	158
19499960	74
19500159	35
19501047	33
19502452	40
19514152	59
19514776	1
19515188	165
19517247	32
19524156	248
19524397	68
19526501	47
19535954	121
19542078	252
19542768	288
19545381	3
19545865	564
19546488	43
19547077	4
19547115	17
19547448	76
19569477	10
19570381	144
19577510	163
19590299	57
19596658	98
19599383	96
19599784	238
19606299	11
19614405	101
19621950	40
19628047	61
19630847	115
19638422	159
19641638	28
19647328	265
19651495	81
19689699	1
19695722	90
19696006	168
19698391	9
19699356	15
19700613	2
19700764	16
19703913	3
19706194	21
19711806	212
19712406	175
19712934	9
19724602	14
19745004	126
19745493	49
19753195	88
19773438	75
19774195	128
19775824	139
19780811	7
19783550	2
19784232	100
19799491	16
19802581	129
19802899	3
19805861	193
19816973	70
19821157	75
19825320	20
19827180	87
19827544	106
19843509	96
19845168	30
19846966	11
19848560	93
19851667	918
19854491	349
19857390	4
19860085	61
19862061	92
19862869	8
19863023	99
19866730	53
19867319	11
19870157	188
19872239	150
19872456	286
19877817	30
19881421	127
19886687	387
19887998	51
19897997	158
19916900	28
19942641	2
19943563	84
19953044	57
19953050	178
19954711	23
19958585	50
19961514	6
19964914	149
19966395	74
19966916	6
19973312	11
19975050	52
19989605	93
19991870	56
19992691	29
19992852	23
19994257	42
19996401	5
20001423	12
20003758	86
20014707	169
20015974	246
20021038	1
20023221	16
20023941	4
20026778	374
20030571	1176
20031101	1
20036001	30
20042152	3
20043757	327
20059361	153
20064711	207
20069544	58
20075293	1705
20089857	461
20092494	427
20095457	42
20100185	21
20103030	54
20105255	18
20106153	21
20107959	84
20130177	1
20145274	70
20149959	54
20153092	29
20154427	1
20158618	4
20161671	285
20171599	6
20171642	106
20181097	9
20193261	79
20206508	16
20208662	125
20212761	89
20213657	136
20215459	2
20220152	105
20220358	82
20244903	39
20253182	34
20257803	143
20257949	386
20279144	8
20287787	88
20293030	25
20294829	1
20300177	88
20300219	5
20301061	49
20304390	162
20307838	328
20309002	3
20309049	294
20325897	7
20326654	506
20329618	78
20340348	135
20342234	9
20343475	42
20344662	2
20345659	101
20349637	7
20360014	92
20360028	173
20361729	206
20379664	61
20381021	3
20387938	425
20389482	456
20390951	6
20395531	27
20395801	207
20398807	97
20404812	3
20410399	2
20415251	49
20415632	52
20421659	44
20422540	2
20432793	15
20433151	336
20434602	24
20434705	17
20445947	222
20446681	161
20448696	18
20457549	75
20460946	13
20463939	31
20465218	44
20473418	139
20479498	9
20482496	15780
20484506	74
20493429	24
20513959	51
20517345	2
20519851	4
20527117	2
20530177	26
20533405	114
20538228	106
20539166	66
20541167	2
20542797	183
20547676	88
20549706	93
20552964	52
20556967	1
20557127	433
20559227	54
20559270	109
20566273	128
20566902	2
20570322	182
20580498	1841
20587599	253
20597509	36
20599175	2
20601147	3
20607157	65
20618957	3
20633049	32
20643759	72
20653934	58
20663016	21
20665349	173
20667318	25
20670378	4
20671988	34
20672392	11
20680816	5
20681108	7
20684017	7
20695446	32
20699026	162
20705344	41
20705648	1
20717348	4
20718930	1
20723814	367
20728281	71
20748715	1
20755007	188
20762263	67
20766594	36
20769520	1
20773773	112
20775600	42
20778549	9
20785982	77
20787122	79
20789757	1129
20790599	47
20801613	10
20803071	2
20803285	182
20811348	27
20811506	559
20813786	186
20815029	35
20818126	5
20829815	32
20842849	191
20843414	223
20855247	121
20876193	12
20882897	191
20883829	47
20884374	2
20884782	71
20885993	173
20886151	18
20886443	114
20886492	60
20893223	4
20904962	212
20905275	27
20906845	102
20918351	6
20919534	69
20920668	69
20928509	182
20929025	265
20931903	2
20936653	35
20938963	32
20939782	54
20939877	178
20941172	3
20941273	41
20941939	9
20943581	5
20951389	11
20954246	58
20957242	45
20961462	134
20965586	32
20970319	151
20976138	69
20981165	55
20987583	85
20991328	26
20993862	10
20999728	78
21002580	390
21013087	19
21018390	49
21022069	81
21033662	73
21038266	40
21042716	3
21052744	15
21056536	36
21060126	115
21062381	25
21063580	194
21068958	4
21076445	11
21081743	39
21085139	298
21087084	61
21087289	21
21088207	237
21088356	102
21089070	117
21090723	361
21091760	141
21094730	66
21101245	3
21107429	24
21112786	1
21118274	17
21124075	11
21134995	16
21152391	53
21153084	3
21153850	163
21160389	37
21167485	30
21169351	35
21170073	354
21171031	60
21172638	92
21172715	19
21174850	6
21175820	6
21178017	39
21179164	225
21179968	602
21180741	101
21184808	34
21187638	28
21196107	57
21206305	10
21206918	272
21210102	36
21212431	4
21215781	1
21217819	165
21219269	221
21222321	755
21233191	107
21238354	43
21242831	84
21243212	71
21244505	342
21244924	58
21249621	110
21265042	140
21266373	280
21267188	36
21267545	4
21273155	243
21273733	50
21275987	5
21277401	3
21280887	35
21292856	131
21298446	8
21298530	15
21302211	120
21302282	37
21303242	17
21305972	70
21310028	249
21310764	83
21314224	10
21329550	1326
21331063	8
21331090	32
21333814	41
21337107	11
21347346	91
21348075	74
21349834	1390
21350424	83
21353031	5
21354883	20
21355079	20
21357013	174
21366046	4
21366477	143
21385916	59
21387077	7
21393007	46
21394954	146
21396755	212
21397581	8
21399598	375
21402627	63
21403699	50
21405028	168
21405138	285
21412737	131
21413198	13
21424418	144
21433119	37
21438158	33
21439061	15
21443728	64
21445370	2
21449162	2
21451240	67
21457951	44
21463898	2
21467110	194
21467907	1
21470111	352
21475984	14
21481110	172225
21486287	62
21487588	133
21489908	2
21493305	82
21493821	45
21496481	86
21500952	34
21508622	193
21520263	76
21530861	13
21532794	18
21533702	90
21536118	95
21540759	107
21541051	23
21549805	3
21556868	15
21567832	3
21580302	1
21585830	350
21591001	75
21600782	5
21611018	24
21611022	31
21611723	1
21618058	12
21618872	2
21621670	2
21627244	12
21629362	11
21636061	28
21649349	444
21654452	8
21655733	30
21663285	289
21664280	103
21672903	92
21674271	46
21689686	1
21693989	50
21694966	100
21696302	132
21700594	39
21700699	262
21701671	111
21704134	14
21705009	8
21708163	78
21721629	183
21724513	2
21729759	60
21730553	4
21732198	73
21732596	5
21737465	70
21740844	245
21740933	11
21741891	115
21744872	83
21750575	12
21752865	200
21761215	169
21775167	1
21789010	36
21795083	136
21796735	6
21796891	338
21819643	139
21833183	56
21836148	84
21839843	32
21853887	11
21858831	88
21874030	36
21875476	230
21890916	1546
21894635	52
21895733	678
21900253	202
21900269	60
21908970	60
21910770	123
21914595	106
21914939	42
21921396	11
21931750	203
21936951	156
21939095	2
21941161	202
21943980	237
21945888	194
21947754	144
21949734	9
21949879	10
21950910	163
21963095	71
21970893	56
21975579	67
21978342	2
21979537	2
21985130	96
21990398	1
21994197	33
22001913	29
22002058	42
22002113	26
22014778	82
22027821	17341
22037884	61
22040072	12
22046596	11
22048720	4
22059424	5
22060474	9
22064707	61
22067521	137
22070567	150
22071905	27
22074543	70
22078229	30
22082722	65
22097190	2
22106313	43
22107132	20
22108131	47
22111399	1
22112476	2
22112538	281
22117259	43
22130774	73
22137709	1
22138152	2
22139167	160
22155032	162
22165061	180
22165505	303
22203235	1
22214885	119
22226615	62
22238710	2
22260178	46
22269247	1
22269384	50
22285649	31
22287975	34
22298954	33
22300924	7
22305416	100
22305594	33
22319670	3
22328073	33
22338518	30
22342877	10
22343235	96
22355214	39
22358793	225
22360041	17
22361331	9
22362099	22
22366871	2
22376054	86
22377139	53
22378643	24
22386765	61
22389485	105
22390043	185
22394357	121
22403569	55
22413258	2
22414689	149
22422571	12
22423082	24
22426819	7
22436876	55
22439315	135
22439806	25
22442668	781
22458259	47
22475582	87
22482934	316
22483215	296
22484898	490
22485068	63
22486930	152
22504575	63
22523205	26
22531552	35
22532326	6
22550429	1
22553797	20
22558387	28
22561571	120
22563577	18
22577043	6
22580980	66
22602573	5
22607013	36
22609806	261
22610009	111
22613546	55
22631422	33
22632242	90
22636263	50
22637619	63
22643282	59
22647956	45
22651419	137
22651892	19
22652254	8
22665685	6
22670849	107
22670857	56
22672146	17
22687663	13
22700458	20
22701145	223
22701769	61
22711503	199
22711639	124
22711656	24
22711712	294
22734163	74
22734387	24
22736886	39
22737329	15
22737333	58
22738201	218
22746070	61
22753345	151
22754193	104
22755810	341
22760763	175
22764273	6
22767401	161
22769065	43
22769864	88
22776606	83
22783065	42
22790488	78
22795312	103
22797228	1
22812153	252
22818315	453
22821674	28
22823654	77
22826449	33
22844223	35
22844864	8
22847321	18
22851255	250
22863121	1
22866768	45
22871550	3
22873328	40
22873519	430
22874677	121
22876427	200
22886917	121
22887863	62
22902460	21
22906142	89
22908548	160
22910502	6
22911969	270
22917537	124
22920486	22
22923232	18
22923251	30
22923393	93
22927608	110
22929148	11
22929261	17
22929675	10
22938713	165
22946859	95
22948530	48
22949566	7
22954249	35
22967610	1
22971140	2
22973515	6
22979044	353
22981257	17
22982974	162
22988082	65
22988319	104
22988982	746
22989971	297
22993377	108
22993939	79
22996097	249
22996869	31
22998579	5
23001795	76
23002299	6
23002385	94
23009797	32
23010704	182
23013268	85
23013311	111
23013457	24
23013460	42
23015644	72
23021810	172
23029617	91
23034563	154
23037541	19
23038334	751
23041371	78
23041507	79
23043681	56
23044617	91
23050575	13
23050594	13
23052350	435
23052818	137
23059575	236
23061798	101
23067055	16
23069399	73
23070893	43
23073482	25
23078870	176
23082332	34
23083156	325
23085205	51
23086258	25
23087554	127
23087796	79
23096959	962
23097101	170
23099295	365
23103516	21
23116127	9
23119045	8
23121600	88
23123128	280
23123149	1262
23129458	106
23138586	205
23138984	29
23140778	7
23142392	17
23146544	321
23146649	203
23147355	49
23152486	81
23152826	1147
23156260	6
23161954	2
23165580	381
23187696	153
23196256	23
23198153	117
23203559	11
23203598	9
23205911	56
23207943	278
23211558	66
23216272	13
23230424	283
23232742	129
23240229	105
23266363	76
23267698	15
23272510	54
23289808	269
23291012	3
23308338	41
23310805	56
23313493	373
23322104	15
23322482	9
23324928	365
23332997	283
23333101	91
23338118	112
23338148	2
23338716	84
23349001	134
23355681	117
23357588	89
23360369	7
23366851	1
23370123	359
23382756	18
23384554	35
23391501	161
23392115	64
23397244	10
23398639	176
23404839	125
23408953	2
23416190	36
23417590	10
23418534	2
23435885	22
23439744	2
23440601	85
23440812	1
23442737	191
23445209	77
23448856	77
23459758	28
23461115	88
23480519	33
23482151	278
23482820	313
23490169	74
23494024	4
23496827	146
23498166	66
23500865	28
23502577	26
23505879	89
23507679	69
23519370	41
23531530	37
23531743	11
23542298	18
23548623	32
23554488	26
23556724	131
23565243	143
23570030	298
23577702	121
23584264	157
23584277	256
23586059	6
23586111	838
23589986	109
23590241	18
23590442	55
23591416	259
23592505	73
23593594	15
23598286	8
23599994	1090
23607424	8
23627382	37
23628046	63
23637153	132
23639316	1
23649904	24
23652126	113
23653453	245
23655239	18
23658480	9
23662236	63
23662959	58
23663301	146
23663746	410
23668497	162
23670712	1
23680678	2
23681676	6
23688496	6
23690791	19
23697674	49
23701001	132
23706000	43
23706552	15
23708376	69
23715715	254
23715842	109
23721352	7
23722234	457
23724212	69
23726651	235
23741839	28
23749172	6
23749387	39
23749927	250
23752193	26
23760859	50
23766683	95
23768977	18
23770421	257
23771350	51
23774298	283
23783874	987
23795232	197
23796073	110
23801241	45
23804476	27
23807586	21
23808195	59
23808509	78553
23808542	3656
23808557	676
23808585	21
23808616	3732
23808620	21
23812315	81
23824120	407
23824208	740
23824298	13
23829125	105
23831045	67
23832429	4
23836598	102
23838217	12
23839256	159
23850207	10
23851195	8
23853482	36
23853939	2
23859769	66
23860591	3
23865131	58
23874177	45
23886834	69
23891194	9
23894441	11
23899906	37
23904562	27
23916614	28
23922823	99
23924195	38
23928410	172
23930639	57
23930671	66
23932530	51
23947795	18
23949017	112
23961092	16
23962994	49
23963315	316
23967160	114
23967495	2
23970077	64
23974149	115
23984796	1
23991437	16
23992530	131
24003138	29
24011030	151
24016302	3
24018946	58
24035169	37
24042727	9
24046239	135
24049450	79
24053165	43
24053422	58
24057378	17
24058166	36
24059140	14
24072579	43
24072993	261
24078097	47
24084730	40
24088847	68
24094603	2
24098803	306
24107001	292
24107628	1
24109199	316
24124373	5
24136735	7
24141268	46
24142061	50
24153637	209
24158368	49
24161015	11
24162061	74
24165519	41
24173597	13
24174754	18
24183121	98
24183312	187
24193383	24
24195339	563
24198103	37
24224646	42
24224685	9
24228029	159
24237211	401
24245238	120
24249043	248
24253493	47
24264880	2
24277431	18
24279940	4
24288213	348
24297650	42
24301169	3
24304103	329
24305907	95
24307610	23
24310646	39
24310719	36
24311594	4
24317699	1
24322390	171
24322737	80
24327512	33
24330295	1
24330320	35
24337612	192
24337873	1
24341073	2
24341273	143
24347632	175
24349480	26
24353303	208
24353466	64
24353917	48
24366861	51
24375939	23
24376854	502
24386993	82
24387730	27
24392063	407
24395109	25
24396831	19
24409378	18
24410210	250
24420506	393
24423869	37
24424126	105
24425665	83
24428594	38
24433756	133
24433842	139
24455580	25
24456714	136
24461919	20
24462046	1005
24468283	11
24471201	28
24476882	10
24477982	88
24478752	344
24501920	6
24507006	51
24516823	35
24517284	35
24518180	23
24518232	36
24525868	70
24531144	52
24543517	129
24546880	129
24554806	40
24557021	88
24560304	35
24560307	493
24560345	565
24562688	200
24566021	41
24566191	137
24568713	2
24595444	183
24595604	119
24609401	58
24622111	29
24633503	6
24635052	4
24638380	3
24640725	3
24650339	35
24653381	1311
24655114	11
24655329	1
24657821	697
24667579	341
24668894	23
24669372	36
24671734	29
24674411	41
24677392	201
24681231	273
24681398	326
24682167	138
24685617	48
24687254	73
24688603	20
24694338	230
24703136	6
24705939	227
24711400	1068
24711589	46
24717917	102
24722002	384
24724170	4
24725587	304
24727800	104
24732433	55
24736064	9
24737132	52
24740176	66
24743630	1
24744635	80
24749463	47
24750302	7
24757641	5
24758457	16
24766967	76
24773666	40
24773826	137
24774658	4
24775791	11
24777832	142
24780804	1653
24781644	66
24782902	6
24786813	1
24793076	83
24797553	11
24800517	2
24804430	340
24810492	573
24817474	86
24821847	184
24829371	31
24839939	10
24841340	2
24848102	54
24850617	130
24851989	50
24852387	53
24856010	263
24868516	160
24871990	30
24890158	260
24891617	537
24896510	41
24898177	61
24899166	46
24902146	218
24902957	96
24904921	19
24905898	99
24916087	266
24930665	162
24932432	2810
24933148	40
24933326	20
24933814	162
24933949	134
24935033	6
24935177	183
24939417	100
24940582	5
24942721	56
24951510	7
24954215	178
24956772	127
24956982	7
24959925	8
24964446	35
24968227	72
24972258	1
24989901	113
24993138	59
24997096	123
24998407	3
24998719	196
25003905	24
25007160	21
25008788	21
25015456	25
25033055	20
25037004	30
25038616	3
25040362	69
25040658	91
25045183	25
25049768	18
25050844	63
25056419	62
25056806	14
25059625	2
25063362	61
25067518	248
25070885	213
25084719	33
25086193	33
25104780	6
25114359	4
25121303	79
25125602	136
25126616	37
25127914	9
25135037	18
25137524	129
25158154	27
25159454	46
25163509	24
25169249	79
25171650	733
25180795	492
25181584	49
25183328	32
25197244	100
25201748	256
25202650	4
25203883	6
25205317	11
25211849	193
25221636	36
25227902	65
25230524	99
25231002	36
25231213	90
25246591	135
25254780	45
25254798	64
25256330	441
25259399	29
25268704	53
25270902	85
25272170	27
25273785	12
25275777	13
25281621	8818
25287195	58
25287736	62
25292731	377
25294136	38
25299470	235
25301488	29
25310522	47
25319462	33
25320424	75
25334511	99
25359717	112
25360437	128
25369506	30
25370072	81
25371175	7
25372499	117
25375276	104
25379390	75
25389703	12
25391393	622
25392092	239
25402940	1
25409402	416
25413882	54
25427817	21
25429168	274
25432664	181
25437986	54
25446835	23
25450714	3
25450824	433
25458038	8
25459400	287
25471643	1862
25475668	140
25476601	31
25483417	18
25487089	76
25487327	5
25494195	11
25504233	26
25527782	54
25528375	80
25530339	4
25536883	193
25548089	33
25566711	28
25582637	106
25587126	70
25593739	93
25594400	20
25597974	21
25606869	121
25611422	50
25614922	181
25620908	117
25623941	199
25623942	244
25626799	171
25626871	12
25632546	13
25641205	46
25644327	17
25645329	944
25653072	66
25656802	92
25661073	41
25661154	23
25665137	68
25665766	287
25670446	40
25678869	107
25686301	218
25688387	61
25691817	21
25693425	148
25693728	259
25696504	75
25700350	10
25700734	4
25708760	430
25712211	109
25719782	1
25738703	60
25742807	5
25744099	88
25744696	6
25780987	33
25788279	329
25804514	26
25813166	22
25813353	2
25817866	10
25823670	55
25826611	2
25827088	29
25853125	255
25856630	307
25862592	151
25871447	8
25875083	61
25878242	228
25880891	427
25882103	269
25889694	49
25889802	5
25893186	661
25894747	10
25910583	287
25910709	66
25917795	226
25920236	350
25922479	77
25932645	26
25932978	13
25934037	49
25965625	2
25968648	154
25968851	10
25979437	43
25985972	18
25986389	220
25987473	38
26000061	168
26012331	6
26014013	95
26029589	4
26031265	87
26038110	25
26039547	19
26040124	64
26057138	40
26058799	256
26076338	58
26077653	3
26077654	240
26082983	134
26088488	57
26101808	29
26102180	130
26103664	76
26109545	84
26121818	219
26124079	69
26128264	7
26133979	241
26159299	67
26160744	152
26161892	16
26172294	208
26176918	19
26177397	13
26181278	128
26187525	8
26189434	89
26192117	148
26193547	3893
26194169	34
26194951	320
26201720	126
26201730	171
26203986	24
26205980	64
26217535	1
26223243	172
26225592	255
26229585	10
26230481	339
26231745	39
26241846	3
26262349	33
26276168	3
26280126	14
26285120	128
26288209	26
26290096	2
26294263	1
26295345	763
26295349	113
26296658	68
26297305	1
26298709	6304
26298801	168
26298804	397
26298809	1144
26298815	198
26298818	855
26298821	3067
26298833	602
26298841	6304
26309788	5
26309799	121
26314357	248
26319440	480
26320215	102
26324661	94
26329214	1817
26331131	62
26337322	73
26345191	58
26352090	18
26366770	7
26373485	59
26390088	154
26402582	19
26403221	107
26410737	47
26410803	35
26414468	287
26425838	11
26431840	149
26434490	238
26438422	44
26438848	245
26443394	93
26443666	78
26445130	34
26447717	3
26453840	55
26455740	80
26459635	8
26463368	12
26467698	125
26471379	4
26479833	42
26481364	491
26484267	202
26485693	84
26487064	8
26487641	52
26489909	111
26492586	23
26499478	18
26500561	14
26507037	64
26509179	33
26509369	225
26516210	322
26516867	231
26522697	26
26526876	17
26527058	5
26530409	44
26531387	6
26539394	830
26539744	188
26548520	3
26551529	206
26551652	131
26557412	8
26558202	55
26562374	104
26575078	1603
26577862	51
26581931	148
26587584	83
26589934	7
26595340	36
26599920	51
26602131	275
26610130	55
26614516	6
26618765	8
26628954	49
26630982	4
26639809	10
26643625	4
26652340	52
26653348	17
26653684	142
26654097	81
26654807	102
26663749	150
26675859	36
26680464	40
26681387	155
26687986	191
26689951	22
26693758	126
26696168	2
26696267	1
26702968	112
26706381	51
26708471	164
26712042	187
26714505	98
26716567	6
26727748	84
26730195	292
26731726	117
26732453	310
26743142	231
26745548	7
26748658	24
26749455	311
26756293	18
26758825	130
26761691	4
26764547	62
26767408	32
26768275	134
26768336	59
26772455	93
26773740	9
26783295	60
26788257	70
26794684	37
26797139	52
26815515	12
26826032	170
26826692	55
26827924	20
26831060	49
26832780	254
26850420	31
26850443	102
26854025	22
26854649	379
26863129	6
26869437	19
26870034	4
26870831	71
26870928	11
26871007	111
26871523	17
26874532	104
26881394	42
26881765	152
26882846	20
26885972	13
26888339	205
26901774	86
26908976	145
26916085	121
26917568	10
26929642	86
26931359	266
26937603	87
26941088	218
26943603	1
26949287	3
26963583	57
26967517	3
26970115	135
26970604	58
26971627	50
26976456	201
26977863	33
26981720	157
26985599	50
26992363	235
26996744	94
27003795	1
27006066	6
27007136	109
27022210	56
27024702	52
27035647	499
27039181	291
27039826	65
27040851	115
27041020	138
27041025	190
27048117	162
27049479	73
27052762	91
27054264	7
27058156	367
27058328	23
27062675	19
27073414	29
27074464	63
27083837	42
27085821	82
27088364	4
27089284	361
27089359	4
27090510	24
27091760	53
27096151	1
27105154	26
27122804	8
27124520	2
27145735	60
27146169	9
27148891	1
27152891	45
27171162	4
27172716	9
27175121	25
27182637	6
27192539	15
27193779	510
27195864	216
27196756	1
27197763	131
27198149	32
27221107	78
27224789	40
27232969	197
27241469	97
27242935	100
27247535	36
27249479	228
27251099	45
27251463	212
27286452	374
27287788	77
27310067	4
27312396	80
27323779	145
27340186	4
27342322	34
27346661	319
27352490	54
27358084	23
27359780	43
27374183	25
27374238	22
27382163	45
27383462	49
27383798	28
27387287	7
27388642	97
27392543	179
27398446	70
27404191	247
27405567	201
27410275	49
27412259	87
27415685	178
27432101	1839
27436450	119
27436800	119
27440142	27
27441121	42
27441508	59
27442967	283
27446716	723
27452807	163
27454562	3
27456226	33
27459467	6
27466548	4
27470349	28
27477457	93
27480700	57
27488848	6
27488963	57
27494663	345
27500243	32
27503825	127
27507850	52
27510315	633
27511599	109
27514711	118
27519800	45
27523092	933
27535396	639
27545696	4
27546098	102
27549019	133
27550292	22
27551693	83
27551774	3
27555776	32
27576132	72
27582804	371
27583674	18
27598583	52
27609596	39
27619584	67
27625425	84
27625438	71
27627407	3
27631673	210
27640677	105
27642283	42
27645128	383
27650355	27
27653621	9
27654303	59
27661570	70
27684398	67
27698159	2647
27703983	75
27710155	102
27716248	115
27716553	130
27723379	2
27724512	1
27727916	59
27729116	16
27729880	419
27729907	56
27729926	125
27730883	25
27731269	7
27731966	3
27732028	121
27732479	26
27744828	71
27746301	41
27746341	45
27747508	211
27758092	14
27763442	2
27764811	6
27765622	69
27775666	49
27776551	156
27779913	43
27782596	28
27784785	10
27785546	8
27788471	113
27788951	27
27790033	47
27790443	6
27795112	157
27802833	61
27804716	74
27815832	57
27823188	18
27826359	2
27826728	170
27830346	154
27835638	39
27840184	53
27840307	65
27876171	30
27877173	299
27884585	46
27885612	3
27885801	21
27888295	16
27890669	16
27903721	125
27910564	120
27911088	191
27927984	45
27928238	416
27931142	56
27936087	8
27940263	402
27943640	47
27944397	63
27954927	170
27965134	627
27966694	6
27974526	211
27977987	169
27980281	80
27981533	13
27981808	98
27990160	277
27990251	49
28000838	7
28006285	14
28010520	90
28011326	128
28014525	28
28040758	29
28046339	51
28050478	17
28054380	53
28058560	1
28059353	18
28059374	8
28060246	78
28061353	1
28061676	111
28062377	23
28068726	12
28073153	18
28082853	1
28084642	111
28089885	38
28090700	209
28101522	34
28104084	57
28107852	182
28108305	35
28112474	48
28119786	361
28123883	14
28124429	37
28126416	8
28131018	130
28133905	12
28138406	45
28141386	10
28141388	10
28147949	17
28149027	29
28149409	120
28151709	64
28153163	570
28154320	9
28155823	107
28156066	70
28169736	34
28178928	6
28179339	10
28182521	28
28186324	15
28186451	30
28186507	29
28186592	59
28187338	13
28187929	190
28195272	139
28196690	189
28200583	29
28202609	85
28208222	541
28221116	6
28223616	48
28232663	189
28233590	358
28233924	29
28239298	895
28239455	189
28246472	52
28248872	15
28257573	121
28268588	3
28269754	92
28283593	161
28283932	10
28296767	123
28305374	25
28305425	42
28310991	2
28313768	3
28315131	75
28325739	1012
28337396	39
28341355	17
28345053	28
28350534	209
28353284	1
28353322	36
28360868	123
28366058	86
28367476	3
28379187	42
28384386	16
28401521	123
28404370	66
28406657	271
28407613	64
28419663	21
28427311	110
28453253	33
28453733	3
28457823	57
28464320	2082
28473628	334
28474637	110
28482346	26
28483712	46
28499921	13
28512514	140
28518679	74
28522972	64
28524244	45
28526952	30
28530868	10
28547391	103
28555606	130
28556914	415
28558604	39
28567703	27
28570113	7
28574623	4
28585874	168
28589709	243
28595879	19458
28603227	169
28607958	46
28612154	4
28622882	47
28622961	7
28630778	116
28633742	11
28634263	41
28646041	41
28647218	20
28650038	274
28660348	348
28664922	41
28665556	100
28676110	278
28677072	25
28684150	3
28685529	108
28688657	130
28695436	97
28698446	3
28699769	411
28700900	16
28700914	11
28710753	53
28711005	66
28724827	23
28730928	21
28738447	3
28751632	80
28782747	83
28788055	20
28796010	60
28797787	271
28800891	21
28804670	29
28805028	29
28809173	206
28817135	52
28819218	1
28820362	94
28823015	20
28826050	200
28829212	142
28836678	167
28839373	2
28839817	4
28847653	81
28860345	2
28862683	6
28864313	196
28879227	326
28881630	57
28882452	48
28882767	18
28885266	349
28887613	132
28887852	7
28890185	143
28893470	81
28895195	136
28900548	83
28913584	31
28921936	8
28921939	2
28924109	71
28927963	3
28928522	163
28928917	18
28937998	4
28940127	203
28949681	29
28951223	152
28951925	61
28954234	12
28955570	20
28964289	2
28965387	40
28972792	2
28972854	515
28975347	104
28977089	51
28986110	2
29008402	195
29021828	11
29026137	8
29028775	1212
29028889	34
29030781	55
29031987	67
29036740	35
29044844	264
29048891	59
29059102	320
29069174	167
29078997	694
29079907	11
29091156	25
29093018	243
29094509	22
29094765	166
29096746	26
29101258	111
29105270	200
29107539	93
29109209	13
29114266	7
29119125	37
29124001	203
29126334	171
29132110	42
29132312	12
29132770	1
29137950	84
29140945	43
29142071	34
29146289	253
29150668	45
29152941	33
29157870	51
29159012	128
29173740	57
29174627	128
29178282	68
29181709	15
29182167	18
29183527	140
29187878	82
29189503	49
29189765	438
29191309	11
29194887	4
29195280	52
29196628	47
29200449	549
29206040	20
29207621	118
29212157	103
29217138	2
29220290	31
29235385	1
29237849	392
29238981	120
29239000	69
29241814	79
29242638	37
29243773	32
29250115	31
29251733	191
29251742	111
29256180	11
29258811	93
29260601	59
29261058	52
29261473	115
29267754	69
29268051	63
29268631	44
29268739	99
29273803	46
29282066	131
29284501	19
29285893	78
29286224	54
29290473	86
29292392	122
29301872	98
29302186	133
29302791	12
29302922	92
29305294	187
29306978	747
29309276	32
29314835	60
29317658	39
29329884	276
29339645	5
29340227	35
29342484	3
29345564	247
29358744	21
29361660	102
29363579	103
29366386	103
29374766	1
29377344	18
29378455	92
29383909	76
29385710	300
29387738	21
29387790	12
29390209	941
29396735	32
29397711	6
29417074	63
29419958	11
29420074	126
29428253	145
29428344	117
29428721	27
29435316	100
29439342	2
29454455	3
29459213	408
29462085	30
29476400	52
29480053	79
29480568	20
29488328	212
29497314	29
29501260	31
29504192	166
29511948	1
29513149	22
29522350	53
29523080	75
29524362	8
29528352	46
29528579	44
29537009	1
29538104	116
29543139	23
29545557	256
29561741	63
29566286	56
29589268	12
29589577	15
29591602	156
29603014	133
29605369	107
29607348	161
29608496	49
29609157	6
29615409	82
29620400	103
29623856	74
29629333	145
29632751	147
29638969	59
29653587	202
29663479	1
29664276	74
29666334	52
29675401	85
29675417	267
29677279	26
29678255	27
29685535	32
29700396	65
29702213	80
29703871	14
29704274	80
29717930	230
29725718	8
29728912	41
29740360	13
29741510	53
29743986	80
29747946	1912
29748109	9
29750222	217
29759522	26
29763346	38
29773174	138
29777381	191
29785421	791
29790707	96
29790927	7
29793740	326
29794055	238
29796344	50
29823614	82
29826717	1
29842231	118
29843361	19
29851193	130
29854750	26
29856568	31
29871122	11
29873202	153
29874861	9
29880501	2
29881173	13
29882024	76
29885398	342
29887499	116
29889288	75
29889831	1
29891188	27
29891418	111
29904622	145
29906208	30
29906215	42
29913496	102
29914867	118
29915222	49
29915977	28
29917715	19
29922066	4796
29922838	124
29925401	45
29925961	60
29933736	74
29935622	113
29939014	215
29941808	53
29948156	150
29950228	11
29950629	44
29956340	160
29962877	8
29963591	275
29974735	186
29975788	218
29978343	229
29985633	5
29986727	149
29988055	2
29990068	44
29990086	264
29990778	66
29998842	58
30000170	21
30000252	38
30004057	304
30011774	47
30013496	12
30019026	3
30035812	27
30039066	25
30041719	385
30043131	71
30046830	48
30051348	574
30056447	1
30056468	177
30067547	30
30077162	496
30077269	476
30077419	357
30089538	29
30092893	413
30096826	12
30100099	64
30111335	218
30111877	240
30111969	2
30113785	69
30116248	443
30120110	32
30130809	82
30160313	71
30160680	394
30161665	32
30162008	37
30163039	20
30164806	28
30171828	68
30175039	86
30183477	287
30197938	210
30198400	156
30206593	59
30210846	89
30212825	225
30212992	182
30213884	728
30214678	193
30215630	20
30216777	20
30216823	4
30228025	73
30229326	60
30232082	19
30237405	29
30238090	32
30239268	46
30240067	572
30242992	146
30244462	152
30247023	25
30247733	1
30253357	48
30260406	410
30288112	70
30288456	22
30288774	184
30290312	107
30291090	6
30296685	13
30308932	60
30310864	43
30313460	6
30314796	26
30316427	59
30320099	107
30322647	73
30325550	10
30347216	2
30350343	286
30359229	33
30362909	94
30370617	35
30374837	53
30378060	28
30379674	51
30382555	251
30388450	66
30388638	40
30390718	42
30404237	117
30405136	1829
30410520	57
30416921	4
30418255	176
30419778	70
30420185	164
30423443	222
30424284	59
30426019	79
30430269	7
30431428	269
30432982	210
30440379	61
30449481	265
30459152	122
30459428	35
30467602	9
30489908	181
30494192	234
30498412	7
30501286	46
30521489	146
30524138	2
30525892	66
30530071	72
30532140	89
30533398	3
30538877	1
30539592	14
30541396	40
30561160	98
30561727	91
30562287	7
30564046	12
30565155	57
30566154	30
30566943	60
30574887	59
30578022	19
30586305	4
30589550	320
30594523	846
30595510	52
30598084	587
30598108	53
30601121	65
30604159	173
30609960	42
30610871	166
30622920	5
30627416	2
30631384	49
30641046	242
30641659	165
30648603	75
30649960	42
30651839	73
30652552	4
30655979	21
30656192	141
30656817	25
30657636	385
30657990	4
30658923	39
30662924	44
30672740	17
30677692	367
30704942	55
30706461	86
30710805	174
30719638	17
30720952	82
30722866	13
30751591	38
30758999	246
30760754	1
30767797	291
30771015	196
30772672	2
30787715	214
30791823	48
30799431	100
30804448	67
30808194	295
30808587	52
30816603	61
30822099	104
30822337	39
30831843	181
30841134	2
30842703	105
30865179	16
30875267	107
30876709	141
30876808	78
30880219	612
30883519	29
30883796	15
30884984	163
30886617	49
30887378	1
30890266	15
30892477	127
30895982	4
30896610	10
30898542	41
30902953	6
30903495	10
30904895	16
30917640	360
30921526	102
30922368	214
30923102	9
30924842	140
30925428	127
30930936	111
30936150	99
30940272	132
30958944	18
30959449	84
30967451	41
30968293	38
30976508	34
30981871	10
30985462	3
30985840	119
30988606	72
31000856	2206
31006158	136
31009853	30
31017337	11
31018716	2
31028662	26
31035247	15
31038255	902
31039472	14
31046054	146
31054058	174
31064279	305
31066593	14
31068350	2
31068541	250
31070202	18
31071821	29
31074623	415
31077135	198
31086367	194
31089461	28
31114746	53
31119561	320
31124054	102
31129978	59
31145213	30
31150535	2
31150888	962
31164943	164
31167560	35
31169720	20
31193367	40
31203288	130
31207301	30
31207941	3
31208500	402
31210625	281
31211054	7
31211061	13
31215230	13
31216782	116
31217439	254
31235783	26
31244986	58
31249402	14
31256533	97
31260699	103
31260785	215
31260860	304
31261671	79
31267047	133
31270208	119
31270514	49
31272823	24
31275512	17
31285570	77
31285942	5
31288958	206
31292536	199
31293240	5934
31293245	2703
31296125	80
31305253	4568
31305508	3878
31309095	198
31312528	151
31313341	9
31315021	78
31315121	41
31315581	3
31316356	21
31320841	28
31322622	135
31323121	691
31323426	87
31335300	134
31342263	44
31351213	46
31378968	43
31379612	25
31379631	1
31382470	2
31384607	14
31385127	927
31385838	56
31391984	24
31399389	3
31399597	24
31404632	25
31404980	80
31409916	56
31423016	71
31432509	22
31440025	164
31440605	63
31445069	18
31449758	56
31455126	132
31456330	85
31478316	909
31489824	38
31492490	247
31494227	227
31494383	30
31504491	79
31506829	3
31518667	63
31524768	660
31528657	122
31530807	112
31533997	3
31536112	49
31544129	93
31549380	64
31550315	47
31551932	26
31556434	163
31586617	347
31589741	76
31590736	6
31592796	33
31595164	220
31596861	196
31606111	79
31606510	46
31609901	8
31617364	84
31624713	619
31625029	167
31632536	171
31646449	9
31656020	265
31661469	33
31663949	4
31668757	4
31670909	18
31678130	74
31678154	76
31679498	6
31680332	2
31681575	22
31700962	98
31720714	17
31733947	111
31737623	302
31746003	55
31751857	70
31754199	13
31764022	42
31764172	18
31773272	14
31777470	13
31782137	8249
31785239	75
31785713	67
31795341	75
31795654	82
31804846	179
31810895	18
31811658	56
31814891	2
31819766	1
31829770	115
31830551	130
31845395	6
31849407	153
31856692	149
31866997	29
31869154	8
31871758	3
31901253	122
31902801	6
31907909	31
31912519	76
31917832	26
31918222	143
31919195	1
31921136	21
31925313	4
31930999	6
31936600	143
31941241	2
31942738	60
31964797	277
31974545	11
31976268	330
31976777	201
31979038	35
31981526	68
31985425	295
31994448	150
31997130	359
31999455	37
32020533	20
32022044	32
32027352	79
32032028	41
32045445	20
32051890	24
32066248	67
32066393	33
32069595	34
32084673	162
32091173	73
32095577	133
32096083	17
32098074	6
32104924	34
32105525	104
32105887	37
32106837	19
32110415	254
32122597	44
32128459	268
32129096	538
32131850	43
32140396	307
32144149	105
32146399	196
32148604	24
32155630	58
32162758	25
32163555	244
32164751	247
32166571	243
32166773	18
32169193	109
32169668	120
32177271	40
32197485	55
32201285	42
32201325	518
32202720	64
32204250	516
32207362	63
32214785	245
32217455	45
32219677	11
32224035	50
32225660	5
32231207	268
32232341	146
32238433	124
32247847	440
32249719	168
32269001	259
32271212	9
32284972	92
32290526	27
32298051	170
32313713	179
32320252	65
32321532	2
32324664	102
32330529	15
32334227	30
32337782	280
32344265	304
32345949	181
32346001	80
32376872	160
32381703	127
32386036	30
32388834	27
32392996	9
32394262	40
32394848	14
32395793	11
32398083	68
32398965	283
32403249	210
32403967	84
32405591	26
32411368	6
32411454	2
32422113	114
32422808	1005
32434683	267
32436741	222
32438240	6598
32447747	45
32449981	6
32450069	92
32451122	1412
32451549	1
32464563	28
32465472	281
32467098	36
32472065	1110
32481543	26
32483484	50
32484381	53
32486778	1
32487763	16
32488688	217
32496778	321
32498704	94
32500265	185
32500369	333
32504509	208
32512635	84
32514669	85
32521417	34
32526744	232
32529252	719
32542624	66
32542977	19
32545743	428
32546897	394
32550106	51
32553922	53
32555425	112
32559905	2
32573437	21
32575663	41
32578467	69
32584444	4
32593630	40
32598942	29
32600951	16
32603842	59
32610203	602
32621856	48
32623844	115
32627766	2083
32634405	48
32636176	191
32654500	131
32661937	250
32663725	82
32665964	150
32689932	160
32690936	136
32696793	205
32697425	63
32704748	142
32707129	69
32710456	70
32714897	104
32721618	30
32734884	60
32739388	4
32742922	4
32746219	156
32748072	840
32749778	128
32753016	167
32757227	69
32758266	10
32761091	23
32773265	438
32774942	101
32787174	218
32789259	341
32792088	61
32796067	4
32804992	34
32819225	4
32819266	81
32823958	50
32825584	285
32829432	64
32831821	2198
32836701	64
32839544	22
32841259	25
32848140	194
32853405	269
32854024	6
32866454	122
32873313	413
32873485	52
32873631	269
32875627	22
32877020	24
32881914	132
32884975	130
32890693	12
32894178	118
32897760	156
32916096	206
32919066	55
32921053	34213
32921736	33
32923449	84
32935674	57
32935706	156
32935729	118
32935745	85
32944298	240
32950120	2
32950650	256
32951609	101
32953007	105
32954411	93
32969220	166
32973467	167
32979234	96
32979266	8
32981459	204
32981525	328
32987989	209
32993622	287
32993709	198
32995588	2
32997039	399
32997061	18
32997564	22
32998261	18
32999152	5
33000337	165
33000490	93
33005433	12
33006732	91
33014811	77
33015583	199
33017149	35
33025729	31
33041393	67
33041722	233
33055929	203
33056374	78
33066062	136
33071776	297
33078138	48
33081860	1
33086103	16
33086805	1
33087133	6311
33088691	781
33099290	35
33120052	449
33120392	48
33120453	103
33127716	1
33140918	203
33141100	358
33146693	139
33148320	64
33149177	12
33154212	16
33155818	101
33170944	12
33174074	199
33178339	41
33182993	96
33183004	138
33185377	133
33185433	69
33189478	824
33189733	37
33190852	62
33193812	205
33205137	47
33210754	82
33213527	45
33217151	44
33225164	17
33233148	255
33236143	36
33246127	30
33254196	1080
33256388	82
33257894	110
33258973	138
33263118	388
33264452	23
33265971	37
33293613	48
33305424	151
33314136	30
33323602	4
33324427	57
33327754	189
33336280	83
33339660	62
33354438	71
33357328	241
33360677	551
33361215	207
33369437	3
33373072	99
33376340	88
33382231	90
33389183	2
33391296	85
33401957	258
33407833	1
33415384	56
33421022	6
33435422	480
33442556	1
33455452	524
33458750	1088
33464875	80
33467707	217
33468397	143
33470245	217
33483970	39
33486016	53
33489346	139
33494287	55
33500788	281
33507356	902
33508795	53
33525565	26449
33529410	1765
33530534	213
33535588	49
33539856	156
33541887	197
33557791	56
33559148	189
33562436	1210
33569135	11
33570206	26450
33574907	6
33577269	15
33578240	62
33585912	80
33600732	208
33603292	80
33605063	334
33605302	159
33614304	30
33619219	741
33630825	101
33634359	11
33634731	107
33635520	90
33635700	95
33639946	48
33649217	584
33653601	155
33659435	81
33659492	112
33664893	189
33666094	1086
33671107	225
33672481	181
33678290	134
33684032	50
33684785	44
33684818	4
33684852	245
33686686	367
33687207	354
33690587	261
33692780	10
33705347	48
33707511	1609
33717916	374
33718145	103
33719320	57
33721890	4
33722546	80
33724799	259
33725284	141
33729332	162
33729445	37
33732941	128
33733873	297
33740196	133
33740468	7
33745038	79
33745170	342
33745341	337
33755552	141
33757805	134
33762090	278
33765491	223
33766371	35
33768009	89
33770699	123
33781179	100
33784208	67
33784533	142
33787591	264
33789738	81
33791453	443
33791743	10
33796329	345
33822851	11
33823684	202
33829862	37
33851326	22
33857651	1943
33866783	143
33870540	54
33872272	306
33872776	84
33880292	120
33884891	221
33888697	455
33889464	5
33890684	2086
33895378	32
33897199	177
33903775	33
33907815	14339
33911214	1
33914260	354
33916850	68
33917970	267
33920958	134
33928671	13
33933892	44
33934446	22
33935620	346
33935699	274
33936204	96
33947548	345
33955225	16
33957962	65
33966235	173
33982609	88
33985005	127
33994380	44
34000996	32
34006010	1
34008153	3
34010061	70
34012403	55
34014069	7
34021217	76
34022393	1
34023787	499
34024678	7
34027663	174
34037292	84
34039690	158
34044841	336
34046340	95
34050418	20
34056196	327
34062225	372
34077573	69
34098300	30
34105868	92
34119431	245
34119446	288
34120387	732
34122184	93
34122335	59
34122974	43
34129770	19
34136406	8
34138622	69
34139663	296
34150685	70
34161579	137
34163640	3
34170745	33
34179396	437
34181517	134
34197379	476
34214734	261
34226344	21
34237013	113
34262290	136
34264106	43
34268799	88
34275045	174
34275705	495
34279409	18
34282926	7
34289951	95
34293060	67
34294743	50
34313594	113
34334720	115
34338551	29
34340650	97
34344902	23
34348490	64
34351616	50
34353535	77
34356899	2
34357242	123
34358654	62
34359875	11
34383946	7
34387522	145
34389248	195
34392023	66
34396268	59
34404866	9
34407651	277
34409518	215
34413610	70
34461036	228
34464545	14
34465642	23
34478922	220
34510688	29
34515034	352
34526884	129
34542634	39
34543204	146
34546298	2
34549247	156
34552829	129
34579480	1
34579507	165
34586916	79
34588529	2
34602639	380
34613881	1295
34613911	765
34613928	421
34613938	428
34623745	47
34624998	16
34626102	2341
34628321	105
34641785	130
34644570	122
34654210	23
34654348	69
34659664	127
34660216	60
34668029	262
34668370	14
34673946	1
34674855	112
34678084	168
34686570	25
34687928	11
34725861	1247
34731455	160
34753721	5
34761715	54
34769044	600
34777095	30
34786289	39
34786903	2223
34799858	1063
34801867	1422
34808241	71
34815006	432
34815037	95
34817922	357
34822474	15
34824538	32
34847907	1
34851284	21
34863478	2
34864402	462
34871138	23
34875681	19
34875777	9
34882260	53
34907666	177
34909549	48
34921116	32
34927706	47
34931316	454
34933072	92
34945600	2035
34945778	33
34950583	236
34955357	88
34982189	66
34993481	496
35001420	44
35003822	493
35014743	356
35015112	480
35015510	306
35026969	30
35027026	105
35029011	18
35030215	208
35030283	22
35033450	309
35035252	14
35038415	1
35040362	229
35047072	496
35065114	6
35075268	32
35079964	51
35084888	185
35088430	305
35088538	33
35102223	37
35107131	901
35114205	71
35123886	796
35138604	274
35163301	187
35168789	1386
35171002	199
35175824	160
35177076	393
35185578	31
35206972	43
35210580	40
35211188	57
35213370	338
35214502	228
35217675	245
35229304	15
35233736	33
35233843	120
35234698	146
35242228	1
35244385	883
35257631	14
35275064	374
35290187	94
35301048	369
35303752	208
35304390	97
35307583	87
35309137	244
35317492	143
35342587	2
35351010	173
35368384	174
35368469	137
35378524	130
35409090	129
35440649	160
35443111	353
35455703	17
35457404	162
35467512	72
35469223	53
35477331	357
35481491	88
35487094	726
35491426	244
35495094	21
35496971	109
35497990	71
35501081	488
35514054	1616
35515707	138
35515847	10692
35517126	196
35524468	670
35545853	71
35562367	55
35562993	121
35563024	163
35564394	260
35569321	41
35573493	121
35574796	588
35589720	399
35589848	403
35594963	180
35600361	10
35610806	15300
35624459	15
35637571	54
35639490	87
35640229	108
35640493	158
35653603	192
35662043	4
35677027	477
35683094	138
35692286	30
35707182	174
35721426	40
35725079	66
35726310	1577
35732214	123
35739817	33
35748065	222
35775353	430
35777460	414
35778258	58
35780977	185
35791480	124
35810200	127
35812583	46
35820728	213
35822470	242
35827831	75
35829574	154
35831213	265
35849749	324
35859018	4
35866694	274
35870639	90
35887251	311
35914020	89
35923881	247
35963136	70
35978199	50
36019977	236
36048128	228
36050721	54
36050777	53
36057260	121
36057743	459
36060204	148
36065708	48
36069374	12
36069920	113
36072810	469
36074217	164
36080785	99
36081560	187
36100803	237
36102020	45
36115621	1615
36163522	50
36196592	2
36197611	84
36204816	879
36215083	15
36219866	330
36228231	167
36231837	578
36232010	268
36280728	2
36289937	6
36291514	32
36296643	138
36297214	21
36299209	56
36299827	314
36305724	66
36311795	2
36314634	338
36316259	79
36335174	286
36335572	185
36337394	17262
36349344	119
36363136	80
36367230	402
36371959	123
36373300	101
36373515	67
36393490	461
36398343	33
36423883	40
36449868	252
36450965	63
36454957	60
36463352	40
36489042	313
36489802	405
36495646	56
36510047	255
36522703	24
36534747	2
36535156	172
36535637	180
36543009	255
36570161	100
36580770	343
36606153	2211
36632102	686
36633370	34
36664153	62
36670205	97
36674234	43
36675403	15
36685189	194
36723985	8
36732493	9
36737999	16
36747016	718
36753839	82
36754402	190
36758056	7
36763523	19
36781769	129
36787638	85
36788656	60
36799074	69
36800456	2696
36803364	98
36804927	180
36816925	190
36817565	5
36821218	45
36825823	2
36827699	127
36836475	113
36840131	35
36852343	91
36859608	129
36871385	396
36876641	177
36903368	66
36914478	161
36915747	321
36952387	255
36960293	41
36960321	70
36963616	120
36970603	182
36972937	292
37000492	230
37038578	237
37060852	16
37069077	69
37074194	2
37074635	47
37075508	73
37078656	59
37079565	173
37081145	576
37085010	19
37087063	289
37104400	19
37128972	287
37136244	649
37158489	193
37188850	47
37206505	90
37214128	240
37246537	46
37272584	30
37272599	17
37291353	355
37314717	230
37316577	265
37330092	28
37340420	183
37342150	80
37343900	143
37344798	466
37346186	251
37366973	220
37372629	1
37379872	533
37393279	544
37412410	624
37426721	434
37448451	760
37454434	1822
37459110	66
37484557	347
37489525	71
37503843	139
37526090	1
37527063	74
37552846	30
37572134	444
37579170	12
37579734	44
37587238	20
37598169	76
37606943	62
37611928	243
37620743	16
37635799	251
37636654	1197
37674339	185
37690762	618
37691314	72
37695418	12
37724576	126
37730180	3070
37730245	250
37732356	207
37743219	13
37743288	2
37744249	48
37748937	9
37791069	929
37793162	559
37793170	105
37829238	12
37830760	89
37834277	57
37849969	56
37860317	243
37887426	1
37906580	90
37907177	222
37919514	332
37927712	663
37931301	177
37934493	13107
37934828	13139
37943581	290
37954750	5
37981070	3
37987406	11
37988993	59
37989794	434
38003518	1040
38052207	224
38076603	30
38097216	102
38098982	110
38130179	143
38203514	1117
38231992	118
38232091	216
38242554	111
38250483	105
38261575	8
38278075	264
38290488	1937
38298912	53
38302322	15
38304949	451
38311906	40
38325182	41
38329408	140
38330224	189
38333430	288
38335220	306
38365864	762
38381661	68
38394792	73
38424805	137
38424833	81
38424930	78
38428276	24
38431516	20
38450589	5
38455327	210
38469272	450
38488726	201
38503844	181
38558529	1569
38580932	402
38593343	177
38594127	1035
38601676	403
38640192	259
38647818	106
38649799	46
38681817	282
38684649	216
38690092	276
38723557	280
38728371	502
38734913	288
38737233	150
38754674	216
38764029	71
38769717	511
38784594	123
38785987	6508
38794346	145
38797396	107
38803637	195
38829639	98
38850650	1531
38850934	42
38867740	65
38881941	168
38882107	173
38887726	280
38906603	75
38921947	672
38939452	732
38965658	383
38970971	1
38988114	201
39002055	89
39040138	7
39045696	569
39064095	4
39092499	388
39098801	35
39099954	313
39100248	669
39105835	298
39127839	13
39127874	1
39152554	183
39154133	2
39176669	97
39178161	69
39182755	228
39211337	681
39214504	234
39237460	34
39303315	88
39316027	128
39329346	171
39330879	10
39335548	422
39350720	1337
39368384	108
39382076	109
39383570	47
39420265	168
39431147	375
39443258	79
39468251	40
39474677	171
39487546	9
39504796	139
39523495	4427
39528685	210
39651750	205
39700697	769
39703674	138
39708674	271
39766308	67
39773026	112
39776208	52
39812341	688
39968888	290
39980597	170
