27	7
3314	3
5625	14
8393	7
8514	15
14507	2
18294	10
19438	1
20724	24
21692	5
25545	1
26554	1
35649	6
36502	5
42376	1
44462	1
47087	2
47476	2
49515	32
54084	62
65252	20
65646	6
65830	2
65832	7
65870	4
65923	6
72690	2
84009	1
85953	3
86149	1
95456	7
95712	1
100695	3
101248	8
107202	2
107872	4
108050	8
108110	4
108125	10
108278	117
108289	9
112633	24
117358	15
117646	11
119854	1
123235	2
123299	10
128476	2
129295	1
130013	58
133684	8
138635	1
142609	1
143131	1
143580	36
145744	6
150294	4
152179	3
153204	16
155815	1
156018	7
157985	1
158617	4
160994	4
167174	7
168370	20
171777	1
172153	3
175623	4
184366	19
184460	3
188759	23
192904	9
203666	2
205402	2
205403	4
205414	1
205423	5
206084	1
206317	5
206368	1
206387	4
206412	7
206424	6
206427	2
206444	11
211588	13
211666	1
212862	6
220164	6
228094	9
229070	2
232390	76
233792	1
237159	3
237904	5
238492	1
238972	16
238983	7
238986	10
245541	12
247278	578
247909	1
248523	1
253476	30
255478	6
256164	1
258750	4
261943	3
263379	1
265995	1
272173	1
273602	1
274782	4
279553	9
285304	6
285722	6
286066	2
291137	1
297058	12
299271	7
299862	4
301742	3
302322	29
308770	3
309009	4
310611	2
312262	1
313419	1
316712	5
317045	103
317757	16
317887	3
317888	3
318103	2
321278	70
322018	2
324747	1
328597	3
330275	2
332545	25
345280	50
345337	5
347655	1
349241	2
353561	1
353685	6
355634	34
356066	3
356756	1
361310	8
366441	5
374927	4
375152	4
385586	73
387520	3
388113	10
390217	57
393047	6
393344	2
401025	3
408338	1
419555	2
437011	2
441269	1
441543	3
447036	5
447184	9
448045	6
454214	4
454263	13
455600	5
455831	43
456930	3
458058	7
460078	7
461209	40
462292	6
465681	2
467471	3
471732	4
474633	5
476179	16
478584	17
478996	7
481872	28
483659	13
485108	9
486298	4
487492	27
488514	30
489645	5
498850	3
500795	3
502760	1
507123	12
507569	3
507610	1
507775	28
508845	5
509028	6
509575	1
512295	4
512298	5
512679	3
514380	1
517990	2
519832	4
521583	13
526028	7
527644	3
529502	6
537699	6
538746	4
541983	4
557980	1
569041	5
570570	6
571770	3
574877	1
576201	3
578384	1
578839	1
579738	9
579842	1
581356	16
596892	1
597879	8
597887	8
599695	1
602890	4
606956	2
610415	19
611921	8
612230	1
614070	2
615096	2
615969	3
618492	4
622127	3
631615	4
632112	1
639921	2
640534	1
641512	1
641525	2
641729	2
644423	47
648332	2
648414	1
652386	4
655492	33
656494	49
656720	1
658518	5
664301	3
664335	14
666566	22
666888	1
667006	3
669174	1
671825	53
672715	7
677781	2
684382	3
686868	47
688352	3
688366	9
689344	1
690903	6
692528	7
697520	10
698041	3
701765	4
705634	3
711079	3
712530	2
714074	55
715366	6
715547	6
715605	3
721054	1
724020	1
724712	8
728994	7
729744	11
732593	16
733019	1
733153	15
734934	5
738250	7
744916	38
745749	1
745778	29
747698	3
748030	1
748738	88
749137	6
753784	1
755200	9
756856	1
757363	8
760165	2
762119	39
764708	3
771016	2
779996	1
780341	4
781544	24
790019	5
790031	4
790359	3
790938	20
791299	80
791477	4
791522	161
791611	24
791640	9
792833	2
800441	10
800928	4
805461	4
806201	3
810796	2
812393	1
816197	1
819907	4
820900	13
825741	3
827590	8
827722	3
832676	3
835507	2
835535	1
841835	24
842037	3
843222	2
843358	67
847885	4
847957	2
858127	1
862601	1
864806	1
865250	7
867564	2
869096	3
869754	4
871311	7
873328	117
879116	2
880770	2
885517	2
885616	10
886774	3
888060	6
888427	6
890377	5
892275	22
901025	22
901277	1
901662	23
904641	9
907410	5
908607	3
910744	3
910752	4
910757	4
911765	4
911980	54
914985	2
915844	1
919161	3
924551	37
926231	1
926544	2
927442	7
929845	6
930224	23
930571	3
931033	6
931039	2
931135	25
931255	8
940538	3
942613	9
942931	8
943149	4
948661	4
949129	12
952189	4
956827	6
957012	1
959908	5
960233	6
961036	4
961733	12
962564	4
964174	29
966583	1
968839	4
976994	1
979480	3
980970	10
984345	1
984742	2
990281	2
993110	1
1006445	10
1019473	2
1020639	10
1028340	14
1031235	35
1039520	3
1049088	19
1049095	9
1050944	5
1053270	1
1053964	10
1056713	160
1059929	4
1062897	2
1064563	45
1067525	3
1068018	32
1069569	1
1071489	44
1076898	1
1081665	33
1084114	13
1085124	12
1086798	23
1090311	18
1093060	4
1093228	4
1095228	4
1095380	8
1099265	2
1103607	3
1105519	2
1125389	56
1125630	3
1128600	60
1129337	1
1135454	4
1138583	8
1147463	31
1148753	5
1151051	9
1172597	11
1175581	3
1181927	7
1181972	2
1185279	2
1194211	8
1197206	14
1200050	3
1204214	5
1204412	3
1206024	11
1208360	2
1210071	105
1213225	2
1217614	4
1219740	2
1222504	169
1222592	1
1223855	6
1234714	5
1235485	1
1235740	1
1237874	14
1240382	1
1241677	1
1254497	1
1257070	3
1257080	2
1257084	3
1257087	2
1258570	8
1264336	2
1272129	7
1272666	1
1275771	27
1278128	15
1279434	4
1280180	2
1281265	1
1283503	23
1286397	2
1287028	12
1287727	1
1287859	1
1288626	1
1291410	8
1299359	11
1300564	26
1301584	6
1304738	1
1305114	10
1314300	19
1314319	3
1317787	7
1318892	10
1322284	5
1322330	51
1322545	10
1325546	126
1325549	7
1325649	2
1326671	6
1330256	16
1333343	65
1334821	2
1334924	1
1338040	2
1338813	5
1339922	1
1342470	5
1342620	1
1346783	12
1349775	10
1352520	49
1357796	11
1358940	1
1362490	2
1365306	3
1370858	2
1374101	2
1374129	1
1377037	4
1377159	7
1377239	15
1380117	29
1381673	3
1383170	18
1385122	6
1385890	1
1388245	1
1390248	4
1391100	30
1404690	2
1409811	20
1413319	2
1415168	11
1415827	3
1418150	4
1419138	2
1420053	2
1420493	1
1423099	4
1424470	1
1425437	7
1428040	1
1430051	3
1431547	6
1434550	94
1438007	3
1439473	34
1439738	6
1440092	100
1440272	15
1441721	1
1446467	2
1446500	1
1449773	3
1450115	4
1451352	1
1460385	3
1461609	63
1462077	17
1463490	6
1464380	6
1464595	16
1465033	2
1477472	2
1483572	117
1490568	2
1509011	39
1510809	1
1512901	9
1514950	37
1517414	24
1524644	1
1524684	16
1529160	4
1530481	2
1533568	5
1536544	2
1548202	107
1553753	2
1553758	89
1555094	4
1560597	22
1563281	8
1569073	2
1570020	23
1571820	35
1572659	3
1574212	1
1576831	6
1579990	2
1580036	6
1580851	1
1581769	7
1584339	2
1593053	1
1593140	32
1596580	2
1597789	4
1599151	26
1602660	117
1604375	2
1606074	11
1607357	6
1610564	44
1613176	4
1614137	15
1614410	20
1616402	1
1616665	25
1619457	9
1622872	18
1625491	1
1625986	2
1626780	2
1630922	2
1644196	225
1644676	9
1653882	3
1660918	2
1661758	10
1663468	2
1663890	50
1666784	4
1666821	3
1671811	3
1672543	25
1674792	2
1675632	60
1677407	4
1687351	3
1690480	4
1691187	8
1701384	2
1701968	14
1711467	1
1723986	16
1725199	4
1738725	44
1740040	2
1740059	1
1745807	4
1751775	88
1756711	6
1760792	1
1761476	18
1764646	3
1768238	4
1775980	4
1779181	1
1786560	34
1787757	1
1790564	12
1801829	17
1803961	5
1811965	58
1825913	18
1826128	2
1828795	26
1835758	2
1836229	2
1836255	1
1841284	2
1844251	12
1847706	4
1858510	1
1859479	49
1859793	29
1860560	2
1861458	2
1863329	2
1864099	6
1864151	23
1864194	5
1864226	50
1864233	5
1864363	1
1872106	1
1873841	5
1873881	2
1885237	1
1888891	1
1890900	1
1897370	1
1903522	9
1904156	1
1911523	13
1918677	9
1920851	5
1920949	3
1921247	108
1921504	1
1922169	7
1922200	62
1922374	7
1923779	38
1923800	2
1924458	8
1925095	6
1925148	18
1925520	1
1925655	1
1925908	6
1926534	5
1926698	27
1938370	2
1939769	22
1942549	11
1946622	13
1957456	9
1959076	9
1966390	18
1971451	8
1975671	2
1979797	1
1981746	14
1981821	35
1984460	4
1985358	154
1987576	12
1994469	20
1996077	21
1997671	23
1999692	4
2001025	11
2003641	9
2006302	1
2006495	13
2006876	9
2012231	2
2014929	1
2019791	5
2028724	2
2029185	7
2030681	7
2031428	1
2031640	1
2034023	2
2034526	11
2034867	33
2040856	6
2044033	52
2045207	20
2046192	4
2048269	5
2050163	3
2051452	1
2052629	2
2055965	4
2056634	16
2060910	1
2067253	2
2070482	6
2073049	61
2080922	1
2081118	4
2081289	5
2090899	8
2090979	5
2092983	3
2094401	1
2095004	15
2100564	14
2101031	3
2108481	2
2109786	2
2113067	7
2113510	2
2126244	55
2133437	1
2138392	18
2141186	3
2142250	38
2142685	44
2147447	4
2149695	19
2155157	4
2156455	6
2156559	1
2158534	1
2158982	53
2161031	1
2163263	4
2164979	30
2165383	3
2166420	2
2168780	1
2174666	4
2179920	19
2180048	4
2180736	12
2181257	7
2183193	2
2185934	4
2193032	5
2196186	3
2200856	7
2203645	41
2209077	2
2211243	3
2212385	21
2228226	4
2232731	16
2233998	2
2234102	5
2234863	32
2236146	7
2236615	30
2253830	3
2255296	33
2255947	3
2262874	27
2263742	1
2267558	1
2269868	2
2272939	2
2275553	17
2278445	13
2283713	5
2287140	1
2293158	7
2296970	9
2301574	3
2302803	3
2303178	9
2304420	6
2304599	7
2304783	3
2304962	2
2309696	6
2310495	75
2317369	8
2319498	2
2325298	1
2325416	6
2328181	39
2331534	16
2338086	3
2339555	2
2340549	5
2341302	3
2342080	2
2349728	5
2350412	1
2352744	11
2354240	61
2356406	1
2357747	23
2357859	24
2360755	43
2363097	8
2363832	3
2365549	1
2367681	10
2370458	4
2373365	4
2377477	4
2381732	66
2382336	30
2386778	1
2387090	75
2389172	6
2389274	5
2395672	4
2400289	4
2400847	2
2401217	13
2410676	2
2416064	48
2418592	41
2421610	1
2423057	18
2424229	10
2425199	22
2436255	33
2442457	8
2445970	187
2446718	6
2452759	31
2452879	16
2459172	32
2461945	10
2464156	5
2464908	6
2465723	13
2466955	13
2468290	7
2476162	2
2478263	1
2479886	3
2480286	2
2481963	22
2488436	8
2489216	4
2490468	18
2491877	7
2493904	1
2500088	7
2504560	22
2505756	19
2505791	1
2508083	21
2508768	3
2510503	4
2513151	33
2516243	10
2517120	1
2521861	5
2524488	3
2525042	18
2526173	68
2527828	8
2528254	6
2528259	6
2528278	6
2532922	1
2536145	7
2541704	4
2543687	1
2546562	52
2556327	9
2558636	34
2560988	19
2565137	1
2567844	12
2573058	14
2577235	6
2578543	1
2579314	2
2584777	12
2594116	380
2594187	16
2598605	11
2602741	1
2606211	13
2615451	18
2627116	2
2629302	9
2636759	1
2643878	79
2649031	4
2649214	19
2651887	186
2651948	3
2656556	2
2665040	6
2665166	4
2665618	8
2666605	4
2671513	2
2674774	34
2675949	4
2677676	1
2679325	23
2681994	4
2685841	29
2686502	1
2686767	20
2688907	3
2695844	1
2696306	7
2697139	2
2698821	19
2699935	3
2701888	3
2709026	2
2709641	6
2715933	4
2717549	3
2721373	1
2722709	4
2723178	14
2724167	15
2731301	122
2734482	4
2742622	12
2750721	39
2751199	4
2751440	42
2752170	6
2752522	3
2756223	9
2766100	8
2776635	3
2780345	15
2782691	3
2784782	4
2788503	7
2790220	3
2793788	12
2802565	5
2809086	1
2810292	1
2812668	21
2819705	102
2822954	1
2824643	2
2827177	9
2828239	1
2833537	4
2835111	2
2838735	9
2847387	1
2854337	4
2857373	4
2866041	13
2867982	117
2868327	4
2870911	2
2874972	4
2875825	12
2880469	10
2881111	2
2882118	14
2883574	10
2884111	3
2885436	26
2888818	2
2889230	7
2889328	15
2890621	29
2892177	1
2895869	4
2897661	4
2898846	32
2902104	16
2907031	2
2909429	5
2911292	3
2913389	4
2918806	2
2923105	4
2928944	3
2931111	2
2932773	86
2933469	11
2934254	16
2935735	14
2940635	41
2944302	120
2950981	2
2965621	5
2966241	89
2967233	22
2968000	4
2972696	1
2974730	11
2975643	7
2983241	39
2986762	26
2987495	6
2988101	1548
2990192	21
2995118	10
2997204	9
3006066	5
3006455	2
3007569	27
3010630	2
3016562	6
3016640	4
3018212	2
3019537	1
3021325	1
3022687	5
3028364	11
3030065	5
3034889	17
3035586	3
3038446	1
3038937	4
3039183	1
3039703	1
3040675	1
3041962	4
3055234	6
3070367	1
3070373	4
3073296	2
3077654	1
3100121	4
3102131	8
3116751	1
3122202	1
3123604	7
3130403	5
3135721	3
3139032	7
3145660	4
3146558	5
3147354	20
3149845	2
3149948	59
3156820	2
3161786	5
3167000	1
3180598	4
3180628	3
3180673	1
3192691	16
3193843	24
3195124	8
3198415	3
3199002	7
3200859	5
3204437	2
3205485	5
3207878	28
3208640	3
3208991	48
3211201	1
3214406	24
3217621	8
3224614	1
3228363	48
3228505	85
3234987	3
3238243	1
3239063	2
3244697	1
3245790	2
3250728	20
3252777	5
3254877	9
3257475	1
3272632	5
3287301	3
3287353	3
3287453	2
3287516	1
3291848	2
3299208	1
3301400	4
3302872	44
3305384	3
3305584	2
3308958	1
3311711	1
3316237	14
3319769	1
3326050	12
3330745	9
3333998	2
3336925	19
3343704	12
3346849	19
3348394	18
3351871	4
3376848	3
3382195	70
3386088	1
3388498	72
3390243	21
3392244	20
3393127	7
3395179	4
3400393	1
3407135	5
3422304	5
3429490	2
3431193	7
3432266	337
3437484	1
3444030	22
3447593	3
3449791	1
3451238	2
3452904	2
3455070	7
3456407	7
3462772	27
3463903	7
3466769	1
3470471	3
3472187	1
3473767	2
3476845	4
3477982	20
3477984	1
3480666	6
3482893	3
3483205	3
3483944	1
3485822	2
3499610	22
3507455	28
3510804	13
3524851	1
3532660	1
3543548	4
3548254	4
3557314	11
3559019	1
3569633	2
3570951	5
3577919	2
3582763	7
3591964	28
3595658	44
3597279	3
3602598	2
3606624	6
3606738	88
3610323	15
3615238	1
3616611	1
3618133	15
3618686	2
3620194	1
3623050	13
3626403	58
3626679	1
3629537	2
3631697	11
3633660	1
3634196	3
3638964	17
3643206	22
3646562	1
3652623	1
3655926	4
3657930	3
3659275	4
3661343	40
3662176	3
3662703	1
3662905	40
3669065	8
3671342	10
3671479	1
3671909	1
3673976	4
3678731	3
3692188	24
3709486	16
3717775	5
3718022	25
3720868	7
3721224	2
3723999	3
3727706	5
3728161	3
3729629	80
3730529	2
3743376	4
3744545	3
3745077	1
3750921	2
3757512	4
3758878	1
3766330	9
3766706	3
3768868	1
3769702	5
3783584	2
3784908	22
3785670	8
3786237	9
3789101	39
3789747	23
3791835	7
3797741	2
3803067	1
3807746	1
3807749	3
3809620	6
3834332	166
3834571	1
3843585	37
3844046	2
3849109	1
3853423	11
3867127	14
3870624	5
3875528	1
3875901	1
3880513	7
3884981	1
3886414	19
3900128	4
3910314	30
3910945	89
3913468	37
3915777	28
3918508	10
3925242	2
3927415	9
3928902	35
3938684	16
3955647	15
3956406	3
3961425	41
3975322	3
3984066	1
3987025	1
3989388	23
3993627	1
3999538	16
4000279	4
4003232	4
4003238	30
4003290	18
4003303	14
4007018	6
4015965	3
4021475	3
4022719	6
4025121	13
4037197	3
4038469	15
4038949	2
4039952	8
4044891	82
4046291	21
4056288	27
4059172	2
4060891	32
4072305	7
4073516	1
4078698	21
4081150	11
4084908	125
4084995	3
4085998	3
4090287	10
4095287	1
4097634	2
4106792	1
4109488	1
4118920	8
4125402	43
4126171	2
4126238	21
4127088	1
4128353	3
4135058	2
4136024	1
4137249	5
4147239	102
4157924	1
4158448	1
4164482	4
4184894	21
4186141	3
4193432	6
4205862	6
4208139	3
4213386	9
4224042	3
4228254	41
4228314	5
4237289	7
4238977	2
4239408	5
4248640	8
4253774	1
4254338	2
4255677	9
4257922	2
4259466	7
4270061	17
4272561	12
4279682	2
4284689	38
4285537	26
4297273	2
4302671	11
4303154	9
4327751	8
4331833	10
4335519	57
4335576	4
4335832	5
4337337	15
4339773	5
4341964	8
4344257	4
4356892	2
4357484	48
4359038	3
4360334	27
4361779	14
4370755	334
4373521	3
4374825	3
4380969	4
4387088	7
4387547	16
4392591	7
4393940	3
4400676	10
4407129	8
4407774	3
4410456	33
4423334	6
4423775	1
4423776	2
4434126	8
4434819	5
4438616	9
4447023	85
4454793	2
4455628	67
4462204	36
4465750	5
4471160	5
4473517	7
4475362	1
4475999	11
4499907	3
4508653	1
4508687	24
4514536	4
4521463	21
4521794	10
4524181	1
4525910	3
4526816	4
4526900	5
4530345	4
4530750	12
4533258	8
4533720	10
4535077	2
4537276	24
4537508	4
4537775	1
4537830	1
4542716	13
4565995	3
4568238	11
4576131	3
4576305	38
4578344	1
4578898	47
4582845	25
4585500	1
4586516	49
4587149	37
4588705	1
4589555	7
4591214	20
4597760	5
4597815	3
4598984	1
4599128	7
4604245	10
4610231	7
4614726	21
4616337	4
4618168	5
4624974	2
4630534	9
4639390	1
4649599	2
4661744	5
4663237	8
4663744	49
4665416	37
4665479	2
4672472	40
4679626	28
4693087	19
4693675	1
4694540	1
4704710	3
4709255	40
4712548	19
4719704	37
4723248	7
4729944	15
4741172	10
4743255	25
4752317	18
4758330	1
4766638	15
4775544	13
4775746	2
4776767	2
4780086	5
4780232	4
4787136	4
4787500	2
4793392	2
4802269	19
4812728	2
4813239	2
4814354	6
4815490	2
4816474	1
4853645	1
4853649	1
4857740	3
4858466	9
4864651	19
4867294	5
4867945	5
4869294	5
4871551	107
4877415	1
4879511	1
4883113	2
4883759	1
4885383	11
4890177	2
4909355	158
4917029	1
4924151	9
4930716	11
4935742	59
4943857	3
4961126	13
4977367	2
4978045	37
4979467	2
4989143	27
4989164	108
4989235	11
4989765	11
4994785	3
4998057	2
4999959	23
5022564	2
5093126	2
5096124	10
5101141	2
5103785	4
5108051	2
5108836	5
5132476	3
5132596	3
5133949	2
5140481	2
5143809	2
5150954	4
5152285	77
5152718	24
5153143	5
5164978	1
5171600	3
5178571	20
5179099	11
5183393	2
5186631	2
5187976	6
5197539	1
5198041	4
5207280	1
5224788	1
5225555	6
5232944	31
5234086	11
5238231	2
5239185	4
5241312	25
5244445	2
5245876	13
5245894	28
5248606	3
5250457	8
5250779	1
5252760	4
5253056	1
5254557	1
5259347	9
5263844	1
5270567	27
5274894	3
5296618	5
5298790	78
5312648	2
5314652	9
5320283	4
5331035	8
5346495	13
5349565	2
5351666	2
5352389	5
5367323	239
5372872	4
5373551	2
5380818	18
5383731	2
5384390	10
5389948	3
5390156	2
5390641	1
5398345	49
5403482	22
5409008	11
5410234	2
5426219	1
5427454	1
5429835	9
5431309	2
5438867	5
5441793	3
5446003	36
5453324	2
5453989	3
5455458	20
5457485	2
5467981	10
5476048	1
5482172	5
5483330	11
5483921	3
5497412	28
5510151	1
5527797	3
5532313	675
5532320	39
5533936	5
5541745	1
5545025	4
5550552	455
5550556	5
5550567	52
5550595	20
5550623	31
5556347	16
5561238	1
5567874	1
5569059	2
5589723	3
5598310	1
5612317	13
5614252	2
5618793	7
5629592	1
5634276	1
5663857	2
5670751	1
5674787	138
5682970	2
5683653	3
5691661	9
5694513	5
5698705	9
5705943	15
5706983	14
5710341	7
5710848	5
5718947	2
5719299	2
5720995	3
5729278	2
5731348	23
5736080	1
5741125	11
5743159	16
5750827	1
5780416	35
5782626	3
5792252	5
5793738	5
5793895	1
5801666	9
5803673	4
5808515	21
5811958	72
5816573	4
5830987	6
5842097	24
5844399	1
5844474	28
5845944	19
5848067	45
5850234	9
5853229	5
5855873	4
5856509	108
5862644	2
5874515	70
5875200	5
5885483	6
5888353	6
5896523	19
5904223	1
5909066	1
5913967	25
5923215	3
5928690	1
5937690	2
5940174	7
5955967	1
5962880	4
5970660	11
5972219	3
5973732	17
5973855	1
5973879	39
5974058	10
5979499	6
5987163	7
6008893	17
6009557	4
6009785	1
6011756	2
6019478	5
6019698	8
6025763	9
6031942	2
6032589	5
6039425	4
6039946	24
6041301	3
6041894	1
6047468	5
6058123	2
6058151	2
6058234	15
6064643	15
6066709	24
6078184	2
6078190	1
6080978	1
6082996	45
6083248	3
6084210	2
6092163	7
6093316	4
6094683	4
6097139	26
6098697	2
6106340	14
6106345	11
6126775	9
6138801	6
6140556	4
6147770	3
6148317	3
6150069	16
6153802	1
6153942	5
6154058	15
6154653	2
6158882	7
6186747	5
6190243	7
6190261	5
6190266	19
6190268	6
6198699	2
6201092	4
6210034	1
6223866	2
6228378	2
6228403	2
6234127	19
6235174	6
6240726	1
6246139	55
6248212	4
6248414	3
6248645	1
6250543	2
6251267	1
6257856	39
6267670	4
6269013	2
6275065	76
6279318	20
6280464	19
6282442	2
6287585	5
6293402	4
6296742	2
6296790	2
6296814	2
6297520	113
6298444	2
6308277	1
6308288	4
6309729	9
6318086	2
6319157	3
6322699	3
6325420	10
6326372	9
6328806	2
6331139	4
6337271	33
6340228	1
6349023	6
6351071	14
6351407	22
6358188	9
6364653	1
6365284	2
6365343	3
6370012	1
6376337	5
6383869	2
6384356	8
6394704	4
6402099	25
6403019	7
6404963	2
6405172	33
6408204	6
6410069	54
6412527	3
6426016	1
6427813	3
6428619	1
6429859	42
6433838	1
6435042	4
6437150	5
6438280	16
6439786	1
6439865	2
6444116	1
6451846	5
6452529	62
6455642	2
6470655	6
6470657	15
6471233	2
6474045	5
6474647	10
6479730	8
6486826	23
6487031	8
6495081	16
6495082	2
6495204	2
6495465	10
6495859	9
6495879	6
6498492	6
6502093	1
6505090	3
6505724	3
6506651	6
6512548	9
6520784	5
6523023	3
6543378	16
6547155	4
6547965	1
6552051	28
6552612	16
6556815	87
6558697	29
6567216	13
6568554	4
6578551	8
6581870	1
6589168	3
6604361	6
6612520	10
6617651	6
6621471	8
6637851	3
6642735	4
6645850	38
6645958	1
6650539	8
6652220	42
6656911	8
6660536	74
6666980	34
6667084	5
6670942	2
6676523	23
6679556	14
6687936	17
6697600	4
6698407	7
6707453	1
6709682	1
6719841	1
6723399	97
6727151	1
6730452	13
6742077	1
6745533	5
6749378	30
6762867	1
6762869	8
6763576	4
6763587	8
6765281	94
6766558	2
6768710	5
6770930	33
6774018	3
6780767	2
6786166	8
6787544	7
6804707	27
6806252	48
6815085	73
6815666	4
6830307	36
6830846	20
6835366	4
6838921	30
6841181	1
6855801	9
6857360	2
6857384	5
6872992	1
6877175	4
6882427	28
6884056	25
6884828	9
6885644	9
6887813	6
6888625	1
6899875	25
6900541	3
6902326	30
6902698	57
6908992	23
6929734	4
6934395	13
6935442	7
6938835	19
6942323	7
6946079	7
6946296	1
6966619	3
6968490	1
6970004	4
6981258	2
6982635	6
6987237	29
6999340	1
7003316	1
7005293	2
7018954	7
7025013	5
7026531	3
7032323	18
7035651	1
7039626	9
7040101	28
7045549	122
7053637	1
7056202	7
7058562	103
7060712	17
7068587	1
7078527	14
7083240	17
7083414	1
7095300	27
7100405	1
7120249	40
7120990	1
7122594	4
7133153	1
7134007	2
7134260	18
7141465	1
7162694	1
7166369	5
7167597	3
7170176	11
7176141	3
7177096	2
7177269	2
7190749	4
7190986	2
7191565	3
7193045	1
7202769	10
7204315	2
7204934	2
7209075	4
7212645	3
7212717	1
7228264	2
7229063	3
7238422	3
7241039	20
7243943	3
7251076	52
7251195	6
7252233	110
7254810	1
7257740	11
7261231	5
7262203	76
7276954	9
7281853	1
7283919	13
7300454	1
7349289	31
7363211	3
7367878	1
7370241	3
7372528	3
7374322	4
7378757	1
7380066	2
7383074	6
7385331	32
7386799	15
7388628	36
7391261	1
7394347	1
7408108	3
7411076	51
7413451	16
7416546	2
7420937	9
7426399	4
7426402	2
7430030	7
7437073	1
7445517	1
7454197	1
7455475	2
7457728	6
7473403	52
7477459	41
7480345	1
7496174	20
7497749	2
7506968	3
7508411	4
7512098	2
7512484	3
7514970	1
7517166	1
7527552	1
7528679	18
7530570	11
7537577	20
7543898	1
7544769	4
7546847	5
7548986	8
7550637	2
7551306	2
7551429	23
7552492	1
7560589	3
7565594	5
7569578	10
7590021	6
7590028	2
7600409	2
7606744	2
7613257	2
7621309	1
7626736	11
7628687	12
7634677	5
7639232	3
7643887	35
7653178	45
7667624	38
7672454	1
7677845	3
7691631	5
7693799	6
7700081	7
7700636	1
7710647	5
7711472	5
7715820	4
7716869	33
7716883	9
7731254	15
7731339	17
7741856	4
7742825	1
7748336	4
7756449	5
7760890	2
7763363	7
7763529	3
7767733	2
7777650	4
7784091	1
7785050	1
7786818	1
7802677	1
7804562	2
7804910	11
7805516	1
7805522	1
7805529	1
7807399	1
7823385	11
7827081	3
7828354	1
7828683	2
7830124	26
7833168	11
7844340	1
7885934	1
7891564	7
7893220	45
7895524	2
7901696	17
7909342	7
7910045	2
7913085	5
7913469	19
7915145	43
7918325	6
7941882	3
7948548	8
7953576	3
7959652	30
7959865	18
7960131	6
7963570	3
7963603	2
7964711	2
7983964	2
7990116	2
7992797	6
7994556	14
8010626	12
8011618	28
8013225	1
8013229	1
8013536	31
8016431	4
8018179	1
8043756	37
8046076	19
8048400	15
8049051	15
8049897	1
8050444	6
8054343	13
8059194	2
8061086	1
8061733	3
8069196	15
8069286	10
8071542	2
8077402	8
8077957	61
8085749	2
8100172	7
8100370	12
8105769	109
8122790	2
8135462	2
8138568	3
8139882	3
8141162	14
8143458	31
8162615	1
8165801	1
8170076	3
8179702	5
8183570	5
8189762	4
8195265	1
8198511	3
8224923	5
8230809	1
8231332	1
8231466	4
8238693	2
8257106	3
8258806	13
8262097	1
8262104	1
8262178	2
8266573	19
8270972	2
8271291	2
8272315	1
8276387	14
8279644	52
8279795	14
8290123	11
8292625	8
8292791	22
8295205	8
8295531	27
8309253	8
8315086	11
8328240	5
8331069	22
8347276	33
8349595	47
8355887	17
8357227	1
8366208	5
8381041	18
8398194	2
8399379	9
8405629	2
8406138	4
8411137	2
8415631	1
8421800	1
8424040	2
8451893	15
8452115	6
8453583	58
8458155	32
8463294	106
8466379	4
8466436	5
8469202	2
8469395	16
8471572	4
8475218	13
8479951	8
8484604	104
8488820	4
8488891	9
8490349	34
8490984	15
8495499	3
8497919	4
8508587	12
8510611	1
8513618	35
8521842	4
8538889	9
8539874	1
8540039	2
8543344	21
8545220	1
8551488	26
8553857	4
8556864	12
8567814	69
8569918	22
8570875	10
8575137	5
8589420	12
8590623	1
8594752	5
8595323	4
8604178	2
8604367	18
8608254	12
8609125	9
8616799	7
8624041	1
8627760	11
8629417	89
8635901	1
8636336	24
8636532	3
8650521	36
8651750	2
8660284	20
8662641	1
8664152	10
8670892	1
8681349	12
8685799	28
8701184	1
8709187	6
8710734	4
8711353	29
8720130	32
8723586	13
8737525	1
8750617	2
8757552	6
8759937	5
8764368	5
8768406	2
8779606	3
8802560	33
8808549	1
8815876	1
8831556	1
8837935	3
8843683	29
8859285	98
8859405	1
8859531	75
8863081	4
8865337	3
8867721	1
8869463	1
8877030	143
8880675	7
8881628	29
8890632	8
8891184	2
8896307	14
8921879	3
8926250	1
8933498	2
8935948	1
8936874	2
8957264	24
8962829	2
8966356	8
8969224	5
8971938	7
8972654	1
8973396	1
8986217	1
8989842	1
9036469	7
9037631	3
9043012	1
9043124	2
9043150	34
9056142	4
9060347	2
9064487	13
9066347	6
9074774	9
9076111	2
9082091	14
9082212	27
9088826	6
9103211	7
9113580	7
9120498	5
9123595	1
9131292	1
9136748	1
9171664	5
9173686	31
9185792	3
9185941	12
9193949	24
9207280	7
9209369	8
9214660	1
9214768	2
9224525	11
9240204	3
9243402	9
9250933	10
9251720	11
9252013	6
9252268	2
9252533	83
9264454	26
9265076	23
9265294	1
9278135	32
9279386	6
9280589	2
9283927	17
9286853	1
9289343	3
9290699	6
9292592	3
9303582	5
9304637	5
9306568	97
9307757	4
9308581	48
9309093	2
9316062	40
9317463	1
9318794	5
9325315	14
9329559	1
9329764	14
9331079	3
9332221	8
9334267	67
9334445	426
9340574	2
9342529	325
9345383	12
9347795	7
9349347	3
9349840	2
9350746	4
9356709	8
9359429	2
9365475	7
9368729	11
9376434	45
9376661	1
9376753	27
9377198	113
9384267	59
9392176	2
9393759	2
9394379	1
9395761	6
9395939	14
9399334	5
9405122	1
9406464	1
9412941	1
9418501	10
9432220	8
9443209	13
9446651	3
9451481	15
9452427	31
9453410	5
9453798	24
9458484	35
9467250	5
9467421	6
9469271	8
9470526	4
9478219	156
9480177	8
9492125	10
9504214	2
9507628	13
9516362	182
9517720	15
9521528	2
9524997	13
9529675	12
9530894	1
9542455	2
9545146	48
9549081	2
9568894	42
9580819	1
9582940	4
9603429	2
9603756	1
9603889	10
9607679	1
9607896	1
9609018	12
9616535	1
9632355	27
9639981	9
9640519	11
9644586	1
9647856	4
9673156	7
9675694	26
9677526	1
9678849	47
9681561	3
9682918	36
9683876	9
9693534	5
9702026	3
9709563	22
9710679	2
9718691	26
9726245	2
9730278	2
9735077	5
9735094	1
9746477	1
9751165	10
9752041	1
9753283	4
9753621	9
9754983	1
9759448	6
9777075	2
9777338	2
9782488	4
9787757	11
9788097	94
9796252	2
9797512	6
9805444	18
9806460	1
9846625	1
9852744	3
9852918	3
9859154	10
9873034	10
9873477	2
9878056	2
9880335	7
9880345	3
9881671	3
9885334	9
9886107	21
9887009	4
9887542	28
9891249	1
9895954	3
9896583	5
9896797	2
9897045	1
9900750	2
9909566	20
9914227	3
9916379	3
9922918	1
9938754	1
9942347	3
9942565	16
9943536	6
9949231	13
9952213	1
9957667	30
9957772	5
9970049	2
9971852	4
9977367	23
9982892	5
9988318	1
9988978	2
9992330	29
9992805	4
9994688	1
9996255	2
9998516	2
10007731	1
10009991	6
10026600	19
10032394	1
10033151	12
10037542	36
10038467	6
10040198	5
10040960	2
10041891	22
10042512	16
10054361	3
10057936	3
10059083	28
10060064	1
10064545	2
10066301	4
10066825	16
10069490	16
10071659	4
10079122	1
10081109	15
10081608	4
10097543	2
10112200	6
10118908	12
10120998	99
10126031	2
10126908	10
10140982	1
10144308	6
10148287	9
10160141	1
10170062	3
10173690	1
10174599	13
10178188	3
10182205	9
10187082	2
10191885	3
10192332	1
10199599	27
10216041	29
10217788	7
10218080	2
10219106	2
10237433	1
10240775	1
10246127	13
10246360	25
10247146	1
10247874	12
10253327	49
10270250	4
10282042	13
10287592	1
10289171	10
10295399	1
10300045	11
10307315	15
10314483	1
10319056	24
10321181	11
10327946	7
10328082	1
10332822	1
10337846	3
10353788	22
10353886	8
10365411	7
10371103	1
10379062	1
10380148	3
10383821	3
10383867	1
10384993	4
10389144	64
10391073	686
10395188	2
10399273	99
10399553	55
10400632	23
10407165	1
10410764	1
10411154	15
10413050	1
10420996	53
10426982	3
10427524	4
10431787	1
10437688	2
10441188	6
10444725	1
10446266	1
10446270	1
10446275	1
10446281	1
10446890	3
10450961	2
10452358	3
10458362	6
10464907	29
10475661	10
10476504	26
10480963	3
10485244	1
10487363	3
10498102	7
10501638	6
10504658	2
10505034	3
10513590	7
10521431	3
10522120	3
10524957	14
10532531	29
10535450	3
10543259	32
10546179	15
10555573	19
10556194	26
10557569	1
10558135	2
10559993	4
10567197	21
10572563	3
10579398	3
10582468	6
10600160	1
10601208	44
10608078	1
10608253	3
10608695	4
10609307	17
10609320	45
10610876	1
10614101	3
10614642	10
10616263	13
10616272	4
10624203	1
10624930	2
10637896	9
10646414	9
10649374	7
10651005	6
10651157	4
10654725	13
10675052	2
10679421	2
10687368	4
10688814	37
10689153	33
10696042	3
10697582	6
10705327	3
10707658	4
10723688	19
10725942	2
10762222	1
10767025	3
10777044	1
10797333	9
10798864	2
10800667	15
10808320	3
10823628	6
10825001	5
10827035	3
10851820	1
10870200	2
10870999	3
10876724	1
10878758	18
10894716	2
10903163	132
10915984	1
10923187	2
10941409	98
10961863	14
10965582	9
10969551	20
10970967	2
10973192	49
10974951	1
10984611	1
10984686	1
10985948	5
10986476	3
10990111	19
10992987	1
10994345	5
10997446	3
11000666	1
11007313	2
11008076	2
11008207	17
11014681	1
11029192	1
11036316	27
11061773	60
11062780	22
11070128	19
11074178	1
11081909	1
11095034	2
11098991	6
11099534	11
11108787	21
11110027	7
11111023	4
11116372	10
11125081	53
11125172	13
11125589	6
11138330	3
11142045	4
11155663	1
11158196	14
11159552	34
11167738	2
11171548	2
11180687	4
11195700	6
11196484	31
11198185	3
11206255	11
11214554	1
11218453	21
11221607	53
11224542	61
11225014	3
11228446	1
11233996	2
11238265	10
11239863	3
11245678	44
11262602	31
11262948	1
11267509	2
11276147	4
11290232	104
11293574	18
11309292	1
11319396	1
11321096	6
11322967	1
11337147	37
11337159	17
11340559	2
11363784	43
11364783	125
11367150	31
11369053	3
11369603	29
11369724	49
11370270	8
11371048	7
11377499	36
11396385	3
11397939	1
11401165	1
11407242	3
11411642	7
11424867	1
11429455	1
11432401	33
11436474	26
11436986	6
11440751	1
11442585	27
11445479	2
11446601	2
11447202	1
11452538	21
11452644	30
11452676	7
11461524	21
11463670	3
11469439	1
11469535	2
11478636	1
11480705	10
11481338	1
11482884	2
11489037	16
11496279	1
11507163	3
11507244	1
11508445	3
11516694	1
11530220	10
11542346	5
11545107	1
11545928	1
11549335	3
11564701	3
11574485	11
11577304	2
11579275	30
11580928	9
11589713	4
11591855	2
11594242	2
11595901	9
11597120	7
11599760	5
11602699	1
11607598	9
11615188	32
11615192	10
11616657	23
11621778	1
11630229	21
11632485	32
11636545	4
11639637	2
11645798	2
11652141	2
11654790	1
11656984	3
11657493	4
11667865	2
11670333	15
11672345	32
11675425	2
11677934	8
11679652	9
11680792	17
11682819	40
11686678	10
11693709	64
11695619	2
11697698	52
11698692	1
11711223	45
11723602	13
11727301	62
11729727	5
11730342	6
11753734	11
11764461	1
11778024	59
11780463	16
11780797	1
11786550	1
11788320	23
11796548	5
11796974	1
11801062	28
11802259	3
11819493	4
11823977	7
11825056	1
11827104	3
11836349	2
11837082	1
11847500	1
11848885	8
11848896	16
11851668	7
11854950	69
11859481	13
11863336	2
11892946	3
11893084	1
11893119	2
11894308	8
11900313	11
11901464	3
11901762	3
11920542	2
11921791	20
11929217	151
11931032	1
11934257	38
11939484	2
11943128	100
11945060	8
11951063	16
11971588	3
11981144	1
11984597	10
11993347	5
12000586	15
12004006	5
12009595	16
12019742	3
12028512	2
12034795	2
12040130	1
12043103	1
12048721	1
12049777	4
12050055	1
12057192	26
12063996	2
12064378	45
12068195	7
12079212	7
12087348	8
12089001	7
12090329	7
12092814	21
12093600	1
12093609	1
12093618	1
12095044	108
12115269	8
12127251	1
12143380	3
12164675	10
12165060	3
12166086	4
12166778	4
12169108	2
12173486	10
12175500	3
12186764	3
12188834	23
12189965	1
12193604	27
12196957	1
12199913	6
12201538	2
12204147	5
12204626	2
12217334	1
12223350	23
12226786	5
12228386	1
12230758	4
12235583	4
12246785	3
12254645	2
12256376	6
12267843	2
12271122	7
12271469	2
12278235	2
12284716	58
12285928	2
12286088	2
12289642	1
12293572	7
12296490	1
12298112	134
12307386	47
12310030	22
12317077	1
12318573	4
12318702	1
12319410	7
12322922	1
12323472	6
12327706	11
12335264	24
12347995	8
12357974	11
12358097	1
12359519	1
12363387	2
12373318	1
12383026	38
12383106	4
12384349	3
12385273	14
12387041	1
12387079	5
12391677	5
12393514	16
12399790	2
12414546	3
12418999	9
12419502	12
12422224	6
12423493	2
12425151	1
12425155	1
12428376	3
12431478	5
12434060	2
12440699	1
12440855	19
12445598	6
12446912	7
12452145	2
12457554	3
12463973	12
12465195	1
12465340	27
12469627	3
12473049	67
12480323	1
12484936	27
12495928	2
12499251	10
12511640	1
12522239	2
12557346	76
12558422	11
12564119	1
12564225	22
12567717	9
12570984	11
12571201	4
12575050	2
12578007	1
12590052	11
12592267	1
12599239	36
12618379	4
12621403	8
12625626	1
12630818	7
12645106	3
12645326	1
12649048	2
12654833	2
12659010	8
12670444	5
12678311	7
12682212	6
12687065	4
12688822	1
12704352	54
12715951	25
12719877	11
12736575	4
12744481	9
12745174	1
12745236	3
12746760	2
12755139	58
12756992	1
12760899	13
12764410	1
12764467	1
12771934	14
12777979	25
12779803	11
12784865	19
12785038	10
12791642	2
12793129	1
12797939	4
12798028	1
12801725	2
12808420	132
12820537	2
12820775	2
12822482	3
12824647	3
12839432	2
12847818	1
12848767	1
12868151	20
12888993	34
12896452	4
12899761	1
12901526	2
12903179	12
12919747	44
12926963	15
12927339	1
12929272	11
12937619	7
12953256	4
12957621	11
12960038	18
12960439	12
12962729	2
12968651	1
12968763	18
12970971	9
12972263	2
12978955	7
12983151	1
12987612	1
12990303	14
12994924	9
12996092	25
13003799	7
13004517	2
13018170	2
13019369	4
13021798	23
13032626	2
13036312	6
13037998	1
13039628	1
13044600	19
13045763	5
13070949	1
13073056	1
13078968	5
13079486	8
13088143	3
13088951	4
13108586	43
13111330	6
13111393	14
13114888	9
13123142	7
13124802	179
13126567	1
13131245	5
13142126	10
13149527	36
13152531	4
13158707	14
13174854	1
13179939	2
13180726	1
13186315	26
13198211	6
13203894	29
13206906	49
13212165	5
13220460	4
13221727	3
13226069	13
13233158	11
13248841	4
13254298	32
13258039	15
13261932	1
13264827	1
13266601	10
13271888	5
13280401	27
13295877	18
13297858	2
13300645	4
13322751	24
13325275	4
13325278	4
13342418	1
13344397	2
13348302	3
13352640	8
13352949	1
13353426	5
13356287	1
13367144	3
13367154	4
13373129	1
13379760	3
13380820	15
13382466	3
13382476	4
13384052	51
13386008	1
13392416	6
13399878	1
13400023	1
13404515	4
13419223	3
13421878	7
13428264	1
13429048	1
13432875	9
13435213	3
13439661	7
13440432	28
13441218	10
13442719	38
13446739	22
13466009	2
13471446	49
13491895	5
13497651	3
13501212	3
13509108	12
13510362	2
13511076	11
13512018	1
13512328	1
13513899	3
13527677	35
13527761	1
13532244	18
13540853	3
13550592	1
13559106	4
13562581	29
13565654	5
13572830	11
13573524	12
13584262	5
13584754	7
13586541	12
13589209	3
13592927	26
13594531	6
13595305	3
13595710	1
13596674	18
13628170	31
13628634	28
13630800	13
13631804	75
13633443	6
13640663	2
13655949	1
13660977	3
13661983	7
13663023	2
13667312	9
13674972	2
13677187	2
13677447	4
13677899	1
13678015	153
13681869	32
13692183	45
13702782	7
13705374	2
13712111	3
13721557	7
13722758	56
13723173	2
13729434	12
13739356	24
13739672	23
13740589	2
13741751	1
13741766	38
13742421	15
13746980	5
13753636	2
13783687	27
13788490	5
13800390	29
13807606	4
13816197	2
13825712	4
13830293	15
13830890	2
13839311	2
13843551	79
13847975	5
13850187	4
13854660	8
13855476	3
13862381	1
13862999	1
13863130	141
13868681	14
13868906	7
13869700	10
13870310	19
13872231	2
13872749	17
13886553	1
13890450	7
13895958	2
13899674	2
13909573	7
13911014	2
13911118	10
13914116	2
13916980	2
13918591	1
13919525	3
13926404	11
13936031	2
13945352	2
13950021	14
13958501	4
13959086	1
13960310	11
13962843	7
13966675	12
13974873	72
13986915	13
14002592	1
14003491	8
14005591	4
14016084	2
14019038	6
14021280	36
14029328	11
14037931	10
14040634	1
14049216	2
14050117	1
14051004	7
14058345	35
14064064	1
14082447	1
14089735	23
14109374	1
14111847	5
14115364	24
14116604	6
14117583	32
14124274	2
14125254	28
14125815	1
14125991	20
14133680	3
14133994	1
14135467	1
14135470	6
14135471	34
14145700	1
14145875	24
14146757	18
14159669	5
14160827	2
14167154	2
14167761	1
14172799	16
14176513	2
14183836	2
14186284	1
14191740	33
14202056	6
14205202	4
14210523	8
14212481	1
14218066	3
14222962	2
14224695	2
14225208	91
14239425	4
14259390	3
14265145	1
14275136	1
14284859	7
14291040	1
14293189	1
14294972	13
14296513	116
14299552	3
14303048	6
14304788	6
14305727	8
14306190	1
14307869	11
14309417	12
14309704	1
14310443	1
14313288	7
14325128	19
14340510	11
14346071	4
14346979	11
14350085	1
14352668	1
14353912	1
14358653	6
14377751	2
14377977	1
14378003	1
14380246	1
14380490	13
14384924	1
14397208	8
14398834	45
14400546	4
14410778	40
14415854	1
14422403	14
14430294	1
14433715	1
14438041	10
14440270	1
14447732	1
14473933	5
14500626	22
14507564	14
14509195	19
14509809	5
14514251	2
14528678	2
14531096	7
14536022	4
14536054	77
14536397	3
14536685	8
14540979	14
14541530	7
14556029	19
14562056	9
14579099	15
14579179	28
14590125	6
14611005	21
14614459	1
14620185	77
14630881	12
14640193	21
14641855	4
14644908	21
14646304	9
14650917	15
14651973	27
14665885	13
14676369	12
14677297	12
14678339	3
14679065	6
14685930	1
14696091	4
14696916	9
14698686	4
14700549	7
14702444	31
14703038	28
14711565	27
14712850	3
14716368	1
14718267	3
14724954	1
14724975	3
14730563	2
14732311	3
14734876	33
14735403	7
14735429	4
14739084	1
14745710	3
14747279	2
14751944	1
14774840	1
14778920	7
14784859	4
14794708	27
14807757	1
14812739	2
14812776	1
14814565	2
14836615	8
14847048	2
14849761	37
14849992	1
14852193	5
14857326	5
14863998	1
14865444	3
14882706	1
14884825	26
14887134	46
14887549	1
14889955	1
14895592	132
14895964	1
14902556	1
14904442	19
14909673	1
14920729	2
14930360	8
14930729	1
14939303	5
14941095	1
14949063	1
14949094	34
14960387	4
14964475	16
14964923	12
14971435	2
14975695	1
14979312	3
14981376	6
14995189	1
14997161	54
14999623	1
15008139	1
15015736	3
15022868	9
15032738	1
15043926	4
15045751	3
15057515	3
15059922	6
15061404	1
15062869	4
15071115	15
15078210	7
15085215	7
15085427	8
15088276	14
15099935	23
15100395	1
15101579	6
15102455	17
15109640	6
15110606	80
15110788	11
15111821	10
15115183	2
15116946	4
15126429	161
15131726	55
15137572	2
15141040	1
15144030	9
15149168	15
15155534	2
15168264	2
15168680	9
15169178	14
15169186	10
15173563	5
15174830	41
15188780	3
15189073	1
15193430	14
15202468	8
15221515	5
15222252	5
15225670	5
15231212	123
15231881	31
15233168	4
15237269	11
15237541	2
15238968	17
15253684	51
15256185	13
15259244	1
15266847	1
15267532	4
15270164	7
15284623	20
15284898	21
15286424	3
15297985	7
15300899	26
15303888	12
15308499	3
15309233	6
15312233	2
15315123	51
15320915	30
15325259	3
15333809	14
15337142	4
15346914	11
15348824	3
15350502	30
15360927	4
15365681	1
15366663	2
15366666	25
15370964	1
15373462	1
15378655	1
15379098	10
15379620	20
15381801	1
15385321	1
15385961	2
15404425	75
15409820	4
15415690	13
15422111	9
15428480	2
15443552	6
15450627	1
15452919	8
15458279	4
15460666	1
15462791	9
15475337	2
15476323	2
15480067	13
15498456	1
15500883	6
15508537	6
15509440	4
15510138	20
15510233	27
15526570	1
15528570	10
15531098	49
15531892	1
15534120	13
15536087	3
15540931	38
15540967	4
15543455	12
15552782	1
15560403	1
15563862	1
15582869	4
15586319	3
15595723	2
15602984	3
15610705	1
15612322	2
15614464	7
15625359	3
15634981	1
15644177	8
15644594	5
15649192	3
15649903	2
15652312	6
15657128	5
15657361	4
15660461	4
15662105	23
15672249	15
15673299	1
15674129	5
15678737	4
15710196	6
15714062	12
15716034	4
15717188	2
15717825	2
15718405	37
15720445	3
15728293	34
15733510	9
15733598	1
15736441	1
15750847	2
15763403	4
15773229	2
15773235	1
15777788	4
15778896	2
15778981	1
15783450	2
15787723	3
15794753	1
15799524	1
15800167	9
15800559	16
15803613	2
15805577	2
15808065	8
15810595	2
15812236	4
15813955	7
15814195	13
15814642	6
15829025	1
15830664	1
15835387	9
15835991	22
15836199	6
15836601	20
15836700	1
15846397	2
15852088	57
15855480	2
15860426	99
15866170	3
15866222	13
15870488	1
15874544	13
15875350	2
15879942	8
15881868	4
15884166	3
15884459	15
15885765	6
15891343	1
15896070	1
15910961	1
15917856	32
15920273	11
15920430	2
15921181	19
15926180	22
15930255	53
15936129	5
15937188	1
15943682	8
15945573	11
15949777	2
15974409	18
15979234	19
15993612	1
15994863	15
15995923	14
15999442	1
16000649	7
16000814	6
16008423	5
16008426	8
16009363	5
16009986	10
16035058	4
16050838	19
16062805	1
16066615	1
16066774	25
16072585	13
16077937	1
16078440	3
16080807	2
16089035	5
16091467	1
16097563	3
16120959	3
16146440	3
16147933	1
16149854	85
16150585	1
16151707	5
16154093	10
16154146	10
16155267	1
16157746	196
16161513	2
16162184	14
16162789	5
16174770	11
16176176	6
16176198	32
16180304	3
16180517	3
16181515	2
16182383	1
16185172	13
16189016	2
16191201	5
16203458	7
16203763	1
16205925	1
16213441	3
16218301	1
16222449	2
16237479	17
16238673	2
16241224	2
16246536	3
16250474	51
16251053	1
16256144	1
16264762	10
16276216	4
16277254	54
16282196	1
16285002	13
16286131	353
16292208	19
16294920	16
16294999	44
16295983	35
16300347	21
16301196	13
16311759	3
16312934	4
16316451	2
16316805	14
16322464	20
16323162	1
16324657	1
16329342	15
16338711	6
16340224	3
16341913	3
16343999	3
16346182	1
16347164	4
16348598	4
16351998	6
16362469	4
16362479	3
16362553	9
16362568	3
16366081	1
16366134	55
16378879	1
16388445	12
16389681	2
16389919	1
16394253	2
16394957	5
16396182	34
16396294	2
16406574	20
16408992	1
16409491	7
16410307	17
16410428	7
16411534	6
16416867	1
16417125	25
16420691	2
16422517	8
16425042	44
16427229	15
16429916	6
16438233	1
16454003	3
16455599	2
16457339	1
16466317	12
16466496	1
16468113	1
16471584	10
16473475	2
16473585	1
16479108	3
16483819	41
16488998	3
16491880	12
16492034	4
16495777	2
16501680	6
16512976	2
16513414	15
16515058	2
16515681	2
16516614	1
16522943	2
16540103	8
16543113	2
16547485	2
16552047	18
16554739	11
16557832	34
16560435	1
16563587	108
16574627	7
16579440	2
16584540	4
16587283	1
16588204	19
16594532	23
16599031	1
16599849	8
16607898	2
16607947	55
16614373	13
16614962	2
16621659	1
16627197	8
16630141	48
16634147	9
16634370	1
16635010	1
16635131	1
16639166	3
16646125	26
16653123	3
16653696	1
16657312	2
16664802	3
16665486	1
16685462	3
16686826	17
16687979	1
16688238	14
16691792	10
16693960	51
16694400	14
16695539	2
16703726	21
16705517	1
16710430	256
16714860	5
16723800	10
16730422	1
16734168	35
16734696	11
16735401	36
16738401	2
16740301	11
16744058	54
16752620	5
16764080	15
16768736	2
16771087	15
16772886	15
16775200	5
16785816	1
16803058	7
16811071	4
16811502	18
16817497	7
16819795	11
16831981	1
16832741	85
16840417	3
16844474	22
16851223	2
16859749	32
16865424	9
16873349	4
16883305	12
16901948	43
16906637	16
16907474	1
16910705	5
16919993	4
16940616	13
16950782	1
16963210	1
16964911	2
16968096	5
16971008	3
16972952	30
16974937	2
16976982	30
16977232	4
16977479	4
16977759	5
16987877	29
16994149	2
17014419	3
17021514	3
17025114	1
17025617	1
17034809	114
17035121	5
17055264	2
17056120	15
17066884	1
17072437	1
17072697	2
17075030	2
17075662	105
17089728	5
17098046	35
17101123	1
17104739	7
17107479	1
17118201	1
17126406	1
17127549	2
17127687	4
17131821	2
17132419	25
17132838	7
17133812	2
17140192	14
17148588	3
17151764	1
17153329	13
17154867	23
17163720	101
17164513	6
17165658	6
17167136	2
17170945	6
17171710	25
17173120	14
17179173	1
17192644	40
17193734	4
17198768	22
17199910	18
17201744	7
17201753	4
17210708	9
17213932	24
17217530	3
17218148	5
17219500	3
17224514	1
17227535	15
17228786	7
17231517	25
17232535	28
17234665	7
17236735	30
17238844	9
17241201	11
17249478	8
17252115	34
17254728	2
17257794	1
17262653	1
17268927	2
17278743	16
17279863	32
17281415	13
17287926	11
17287980	3
17295621	2
17302568	4
17303641	20
17307763	3
17310099	1
17311922	48
17322695	1
17323102	4
17324120	55
17325575	43
17335035	1
17338734	8
17342018	2
17344049	15
17347463	16
17356911	1
17358571	2
17359210	1
17361596	4
17363774	1
17368821	1
17368872	30
17369639	4
17371412	41
17372733	1
17373313	12
17374588	1
17374594	1
17374598	3
17374628	1
17374635	1
17374645	1
17374659	1
17378009	6
17378050	1
17391973	5
17395836	6
17403476	9
17408788	3
17410926	35
17411967	15
17417106	3
17420913	4
17431378	398
17434802	7
17434992	14
17446726	2
17448603	4
17449498	2
17450228	1
17456254	6
17468556	8
17477111	5
17486281	6
17492965	17
17496194	21
17501090	2
17502302	27
17504501	23
17505614	6
17508889	49
17516793	4
17518382	2
17522563	2
17527989	1
17530284	1
17541180	23
17548048	23
17548747	12
17571990	7
17575535	3
17578798	1
17582613	30
17582757	1
17591748	2
17592572	10
17605599	1
17608126	3
17611577	3
17620347	3
17621075	2
17621336	2
17630058	1
17630288	14
17632122	4
17632837	2
17634071	66
17637707	1
17647639	19
17649551	6
17650869	4
17655588	2
17656498	15
17664164	19
17668184	2
17685829	3
17686967	9
17690715	6
17703190	5
17705626	11
17714944	1
17723699	29
17724730	3
17728164	83
17733250	2
17735839	2
17742767	5
17762755	3
17763851	18
17775355	1
17777303	7
17784202	2
17784299	9
17790136	19
17792490	1
17794940	2
17808780	18
17812193	2
17812682	15
17814354	2
17818696	49
17824536	11
17824809	46
17825580	33
17826843	33
17827909	3
17830703	6
17832726	8
17835410	1
17837583	3
17839346	65
17842334	41
17844840	22
17845246	1
17845275	16
17846690	4
17852451	6
17861126	4
17870930	25
17881253	1
17894272	51
17898911	2
17904384	72
17905329	1
17905989	21
17906147	6
17907002	20
17907356	1
17908447	10
17912788	2
17913633	30
17917662	28
17918315	2
17919669	9
17925227	10
17928207	3
17931379	2
17934994	12
17939582	8
17954730	1
17956445	3
17960746	4
17964653	29
17964729	25
17971138	3
17973188	7
17974627	1
17974816	1
17975644	39
17977128	1
17982061	5
17985744	1
17987110	15
18023059	1
18026324	31
18037815	8
18047592	3
18049133	2
18049528	18
18051302	2
18055618	1
18056680	2
18059069	29
18062944	4
18065797	2
18069188	26
18074184	2
18076288	14
18082434	1
18099749	3
18102026	3
18105945	4
18107617	6
18115347	2
18116062	1
18128548	5
18129915	3
18141084	6
18148206	4
18150451	18
18150497	13
18158702	2
18170257	136
18172227	10
18178353	1
18178675	13
18180090	1
18180732	4
18183494	1
18188537	78
18189061	2
18201810	189
18210190	8
18214081	14
18217012	5
18221501	2
18222972	7
18224920	4
18225913	26
18248068	8
18259368	14
18271108	2
18280236	8
18283391	2
18286047	1
18300645	20
18306049	37
18307175	71
18312071	14
18317669	8
18320220	2
18320947	1
18326574	49
18326701	41
18327074	1
18327496	15
18327506	62
18327612	8
18327618	11
18327626	6
18327646	27
18327658	7
18327738	14
18327753	8
18327786	2
18328345	2
18328813	66
18339970	8
18343137	3
18346213	23
18348651	16
18351718	15
18370552	39
18379141	8
18383364	7
18394987	3
18399519	26
18403574	2
18406709	10
18411790	48
18411972	5
18412580	36
18439675	34
18440563	4
18442380	3
18442381	1
18448108	1
18448786	1
18471236	4
18474889	23
18477516	13
18486304	3
18490421	16
18494160	3
18503427	8
18509522	8
18511687	4
18512431	9
18524934	2
18525371	1
18529246	4
18533350	40
18552822	4
18553777	17
18556147	1
18566245	2
18569427	13
18574457	7
18580533	2
18581578	1
18589213	4
18595011	1
18604656	272
18604783	3
18609428	47
18612437	27
18617943	1
18618251	1
18618267	37
18623438	6
18637218	9
18641380	1
18642416	5
18642969	3
18648455	24
18650199	8
18663590	1
18664943	7
18665039	5
18669969	9
18673522	1
18684510	1
18689903	2
18691192	16
18708438	8
18715057	1
18715646	4
18730183	5
18737218	17
18741799	5
18751259	24
18776427	2
18777006	18
18777864	6
18782726	2
18795673	2
18798826	31
18802139	14
18802989	5
18807835	22
18809854	2
18811064	2
18814466	5
18835805	1
18837028	4
18838035	4
18840003	3
18845024	4
18847464	46
18847851	7
18848568	6
18852165	21
18852566	127
18856208	2
18872244	30
18875357	1
18885593	3
18885925	3
18887842	2
18887928	3
18895427	6
18901345	2
18910239	1
18912503	2
18917483	4
18918709	10
18924701	4
18933635	2
18934693	1
18946763	16
18950216	14
18950460	2
18962634	4
18962767	1
18974940	3
18987413	6
18992158	4
18992225	1
18997629	13
19002414	1
19006435	2
19008038	2
19036577	1
19040095	2
19040482	8
19044298	3
19047649	1
19049758	2
19049917	1
19051806	109
19061144	14
19068220	20
19078059	14
19079918	1
19083268	6
19085756	1
19097645	1
19117126	66
19124368	36
19126114	2
19141754	15
19143929	3
19146570	19
19148949	2
19150258	40
19158009	3
19172212	2
19204004	2
19205896	13
19206221	7
19217274	41
19238853	1
19241830	2
19245921	1
19248542	294
19249835	35
19254557	7
19257170	26
19266337	2
19267652	4
19271395	24
19272315	26
19279199	3
19279458	1
19289265	5
19290649	12
19292003	4
19292203	1
19294052	4
19296674	1
19297959	3
19313590	45
19314620	12
19314991	31
19316619	2
19316865	6
19317893	2
19318458	8
19340336	8
19344362	12
19347267	17
19350397	21
19351480	40
19351660	3
19352121	54
19352450	3
19353092	14
19353482	1
19354145	10
19358114	1
19360616	3
19366500	4
19368221	2
19368783	2
19369035	61
19374812	5
19376602	19
19377180	3
19381895	5
19382615	5
19384819	4
19387222	7
19390712	2
19401646	5
19402258	10
19402347	7
19407947	11
19416551	2
19423184	6
19428677	2
19429698	4
19436483	10
19449327	12
19467184	14
19467512	10
19475113	1
19476134	1
19483231	44
19483273	2
19498290	55
19499960	6
19500159	11
19501047	4
19502452	1
19508826	36
19514152	4
19514776	36
19515188	1
19517247	7
19524156	6
19524397	2
19526501	4
19535954	1
19542078	1
19542768	32
19545381	15
19545865	1
19546488	5
19547077	10
19547115	2
19547448	8
19566764	32
19569477	7
19570381	1
19577510	6
19590299	2
19596658	8
19599383	38
19599784	1
19606299	7
19611854	9
19614405	1
19621950	10
19624574	16
19628047	12
19630847	5
19634688	1
19638422	91
19641638	7
19647328	2
19651495	6
19689699	50
19695722	27
19696006	6
19698391	13
19699356	1
19700613	1
19700764	8
19703913	15
19706194	6
19711806	1
19712406	1
19712934	1
19723915	18
19724602	1
19730456	8
19745004	9
19745314	25
19745493	1
19753195	2
19773438	34
19774195	6
19775824	7
19777812	2
19778979	2
19780811	2
19782572	9
19783550	2
19784232	14
19799491	14
19802581	1
19802899	86
19805861	8
19816070	30
19816973	91
19821157	2
19825320	30
19827180	16
19827544	2
19836411	2
19843509	4
19845168	13
19846966	2
19848560	9
19851667	6
19853934	763
19854491	2
19857390	1
19860085	29
19862061	2
19862869	10
19863023	14
19866730	1
19867319	5
19870157	3
19872239	65
19872456	20
19877817	28
19881421	1
19886687	3
19887998	36
19897997	1
19916900	1
19935082	30
19935833	1
19935914	32
19940883	18
19942641	12
19943563	4
19951562	4
19953044	2
19953050	6
19954711	8
19958585	8
19960841	6
19961514	3
19964914	15
19966395	3
19966916	12
19969855	1
19973312	4
19975050	4
19989605	1
19991870	28
19992691	10
19992852	12
19994257	7
19996401	8
20001423	4
20003758	1
20014707	16
20015974	5
20021038	5
20023221	16
20023941	6
20026778	1
20030571	1
20031101	27
20036001	13
20042152	25
20043757	1
20059361	13
20064711	3
20065762	5
20069544	2
20075293	1
20089857	9
20092494	1
20094029	2
20095457	10
20100185	17
20103030	2
20105255	1
20106153	1
20107238	12
20107774	5
20107959	2
20130177	15
20145274	14
20149959	5
20153092	2
20154427	3
20158618	3
20161671	2
20171599	3
20171642	73
20181097	6
20193261	1
20206508	4
20208662	77
20212761	21
20213657	1
20215459	35
20220152	2
20220358	2
20235625	29
20244903	21
20253182	4
20257803	2
20257949	13
20279144	7
20287787	58
20293030	15
20294829	2
20300177	3
20300219	12
20301061	35
20302770	37
20304390	3
20307838	2
20309002	3
20309049	6
20313194	5
20314150	30
20315844	4
20325897	36
20326654	2
20329618	1
20340348	6
20342234	12
20343475	8
20344662	60
20345659	11
20349637	3
20360014	1
20360028	1
20361729	20
20365643	20
20379664	3
20381021	4
20387938	1
20389482	1
20390951	4
20395531	9
20395801	45
20395943	40
20398807	23
20404812	15
20410399	9
20415251	8
20415632	20
20421659	22
20422540	1
20429943	1
20432793	5
20433151	1
20434602	10
20434705	18
20445947	25
20446681	4
20448696	26
20457549	4
20460946	6
20463939	2
20465218	36
20466577	36
20473418	15
20479498	26
20482496	1
20484506	21
20493429	6
20513959	2
20517345	2
20519851	14
20527117	2
20530177	1
20533405	36
20538228	22
20539166	30
20541167	23
20542080	4
20542797	1
20547676	9
20549706	18
20552964	18
20556967	88
20557127	1
20557253	1
20558462	3
20559227	9
20559270	9
20566273	3
20566902	1
20570322	173
20580498	4
20587599	3
20597509	1
20599175	4
20601147	7
20607157	2
20616575	3
20618957	27
20633049	10
20643759	5
20653934	2
20663016	38
20665349	4
20667318	7
20670378	13
20671988	26
20672392	18
20679941	62
20680816	1
20681108	27
20684017	2
20695446	2
20699026	1
20699435	17
20705344	33
20705648	1
20717348	4
20718930	3
20719518	1
20720417	4
20723814	1
20728281	1
20747981	7
20748715	60
20755007	3
20762263	6
20766594	45
20769520	6
20773773	5
20775600	34
20778549	2
20785982	1
20787122	17
20789757	2
20790599	36
20791794	38
20801613	16
20803071	8
20803285	45
20803842	30
20811348	4
20811506	1
20811753	29
20813786	1
20815029	10
20818126	3
20829815	2
20842849	2
20843414	3
20855247	36
20876193	11
20881761	3
20882897	141
20883829	9
20884374	7
20884782	10
20885993	6
20886151	18
20886443	22
20886492	95
20893223	9
20904437	1
20904962	1
20905275	1
20905572	7
20906845	2
20918351	13
20919534	58
20920668	1
20928509	1
20929025	145
20931903	24
20933004	4
20936653	3
20938963	25
20939782	30
20939877	165
20941172	4
20941273	29
20941939	2
20943581	18
20944673	4
20951389	5
20954246	27
20957242	13
20961462	77
20965586	3
20970319	2
20976138	4
20980012	2
20981165	4
20987583	3
20991328	16
20993862	152
20999728	6
21002580	2
21013087	30
21018390	1
21022069	10
21033662	6
21038266	7
21042716	40
21051328	3
21052744	1
21056536	1
21060126	1
21062381	3
21063580	2
21068958	2
21076445	2
21081743	8
21085139	15
21087084	3
21087289	11
21088207	21
21088356	7
21088403	47
21089070	13
21090723	18
21091760	9
21094730	37
21100244	75
21101245	4
21107429	1
21112786	7
21118274	16
21124075	20
21134995	9
21152391	19
21153084	9
21153850	4
21160389	4
21167485	11
21169351	1
21170073	1
21170833	1
21171031	12
21172638	1
21172715	7
21174850	33
21175820	16
21178017	10
21179164	12
21179968	1
21180741	5
21184808	38
21187638	1
21196107	14
21206305	2
21206918	1
21210102	6
21212431	1
21215781	10
21217819	7
21219269	1
21222321	1
21225407	32
21233191	88
21238354	11
21242831	46
21243212	23
21244505	17
21244924	9
21247659	2
21249621	7
21251366	28
21252548	1
21254536	1
21265042	16
21266373	5
21267188	24
21267545	12
21273155	3
21273733	1
21275987	6
21277401	62
21280887	31
21292856	1
21298446	3
21298530	1
21302211	6
21302282	2
21303242	10
21305972	4
21310028	7
21310764	2
21314224	1
21329550	5
21331063	4
21331090	8
21333814	2
21334164	1
21337107	2
21347346	107
21348075	52
21349834	1
21350424	2
21353031	8
21354883	1
21355079	24
21357013	5
21366046	1
21366477	70
21373669	2
21385916	1
21387077	3
21393007	23
21394954	4
21396755	1
21397581	1
21399598	70
21402627	1
21403699	2
21405028	2
21405138	53
21412737	2
21413198	2
21424418	150
21433119	26
21438158	4
21439061	4
21443728	2
21444367	1
21445370	2
21449162	7
21451240	1
21457951	7
21463898	6
21467110	4
21467907	40
21470111	10
21475984	7
21480944	23
21481110	1
21486287	2
21487588	1
21489908	3
21493305	3
21493821	3
21496481	13
21500952	10
21508622	2
21520263	22
21530861	1
21532794	3
21533702	7
21536118	1
21540759	2
21541051	4
21549805	8
21556868	3
21567832	1
21570406	5
21580302	3
21585830	1
21591001	22
21600782	2
21611018	1
21611022	1
21611723	2
21618058	9
21618872	4
21621078	6
21621670	1
21627244	145
21629362	29
21631326	21
21636061	33
21649349	1
21654452	30
21655733	12
21663285	2
21664280	28
21672903	33
21674271	18
21689686	8
21693989	16
21694966	24
21696302	8
21700594	2
21700699	4
21701671	2
21704134	2
21705009	71
21706215	2
21707405	5
21708163	2
21721629	1
21724513	1
21724875	44
21729759	30
21730553	8
21732198	1
21732596	7
21737465	1
21740844	5
21740933	2
21741891	9
21744872	44
21750575	6
21752865	1
21761215	1
21775167	11
21783823	1
21789010	26
21795083	1
21796043	4
21796735	3
21796891	1
21819643	1
21830645	24
21833183	1
21836148	11
21839843	1
21853887	30
21854907	28
21858831	8
21874030	32
21875476	1
21890916	1
21893881	11
21894635	1
21895733	1
21900253	147
21900269	34
21902000	1
21908970	20
21910770	2
21914595	21
21914939	13
21921396	5
21931750	1
21936951	8
21939095	3
21941161	6
21943980	1
21945888	1
21947754	27
21949734	5
21949879	13
21950910	41
21954918	24
21959179	5
21963095	16
21966379	1
21970893	3
21975579	8
21978342	13
21979537	12
21985130	2
21990398	12
21994197	8
22001913	13
22002058	17
22002113	20
22007187	8
22014778	22
22027821	1
22034394	2
22037884	5
22040072	4
22046596	10
22048720	41
22059424	13
22060474	1
22064707	6
22066165	163
22067521	1
22070567	5
22071905	5
22074543	33
22078229	2
22082722	5
22085888	23
22097190	49
22106313	41
22107132	2
22108131	18
22111399	40
22112476	26
22112538	1
22117259	7
22124768	2
22130774	3
22137709	16
22138152	39
22139167	4
22155032	1
22165061	1
22165505	1
22183223	2
22203235	3
22214885	1
22226615	3
22234733	44
22238710	38
22260178	2
22262489	4
22269247	1
22269384	6
22277046	86
22285649	3
22286202	1
22287975	2
22298954	1
22300924	2
22305416	3
22305594	8
22319670	10
22328073	3
22338518	4
22342877	4
22343235	78
22344182	28
22355214	6
22358793	1
22360041	29
22361331	2
22362099	1
22366871	41
22376054	2
22376157	1
22377139	11
22378643	7
22386765	5
22389485	1
22390043	7
22394357	2
22403569	1
22413258	4
22414689	1
22422571	21
22423082	24
22426819	2
22436876	1
22439315	1
22439806	10
22442668	1
22458259	7
22466228	14
22475582	1
22482767	32
22482934	2
22483215	1
22484898	1
22485068	4
22486930	3
22504575	7
22509111	3
22520829	2
22523205	24
22531552	2
22532326	9
22542759	380
22546879	2
22550429	3
22553797	15
22558387	5
22561571	21
22563577	6
22577043	1
22577579	20
22577925	1
22580980	8
22602573	13
22607013	2
22609806	1
22610009	58
22613546	29
22631422	1
22632242	1
22636263	2
22637619	1
22643282	9
22647956	13
22651419	4
22651892	18
22652254	11
22655952	1
22665685	6
22669193	4
22670849	13
22670857	1
22672146	12
22687663	25
22693515	4
22699558	1
22700458	4
22701145	3
22701769	5
22711503	19
22711639	1
22711656	11
22711712	15
22734163	6
22734387	13
22736886	6
22737329	12
22737333	50
22738201	4
22745335	6
22746070	7
22753345	2
22754193	1
22755810	21
22760763	3
22764273	3
22767401	19
22768182	6
22769065	13
22769864	10
22776606	3
22783065	2
22790488	6
22795312	1
22797228	2
22812153	1
22818315	1
22821674	2
22823654	19
22826449	14
22844223	22
22844864	94
22847321	15
22851255	1
22862560	1
22863121	3
22866768	11
22871550	3
22873328	54
22873519	2
22874677	1
22876427	1
22882621	5
22886917	1
22887863	9
22894999	1
22897489	3
22902460	14
22906142	3
22908548	1
22910502	7
22911969	13
22917537	3
22920486	12
22921364	42
22923232	13
22923251	2
22923393	43
22926972	1
22927608	5
22929148	4
22929261	23
22929543	1
22929675	8
22930887	3
22938713	2
22946859	4
22948530	11
22949566	1
22954249	23
22957431	1
22967610	2
22971140	11
22973515	16
22979044	7
22981257	1
22982974	87
22988082	30
22988319	1
22988982	1
22989971	7
22993377	8
22993939	4
22996097	3
22996869	1
22998579	9
23000858	2
23001795	51
23002299	1
23002385	24
23009797	5
23010704	1
23013268	23
23013311	1
23013457	16
23013460	38
23015644	2
23021810	19
23029617	41
23034563	1
23037541	19
23038334	23
23041371	8
23041507	1
23043681	2
23044617	13
23050575	11
23050594	4
23052350	2
23052818	7
23059575	106
23061798	1
23065691	3
23067055	9
23069399	4
23070319	1
23070893	21
23073482	5
23078870	3
23082332	2
23083156	5
23085205	1
23086258	4
23087554	2
23087796	41
23096959	3
23097101	1
23099295	1
23103516	3
23116127	12
23119045	53
23121600	44
23123128	28
23123149	1
23129458	2
23138586	1
23138984	10
23140778	24
23142392	2
23146544	1
23146649	23
23147355	8
23149310	3
23152486	3
23152826	7
23156260	5
23161954	11
23165580	1
23187696	1
23196256	13
23198153	48
23203559	15
23203598	9
23205911	4
23207943	1
23211558	1
23216272	1
23230079	1
23230424	3
23232742	1
23240229	2
23266363	42
23267698	8
23272510	4
23274128	5
23276718	29
23289808	33
23291012	7
23308338	3
23310805	30
23311272	2
23312501	17
23313493	1
23321731	1
23322104	29
23322482	1
23324928	4
23332997	2
23333101	1
23338118	10
23338148	1
23338500	17
23338716	4
23349001	1
23354645	7
23355681	2
23357588	2
23360369	2
23366851	25
23370123	1
23382756	8
23384554	20
23386404	29
23391501	116
23392115	3
23397244	4
23397778	5
23398639	21
23404839	12
23408953	5
23416190	2
23417590	12
23418517	19
23418534	2
23430288	36
23435885	38
23439521	1
23439744	8
23440601	1
23440812	8
23442737	8
23445209	23
23448856	3
23458910	5
23459758	23
23461115	1
23462476	6
23480519	3
23482151	1
23482820	16
23487773	2
23490169	1
23494024	8
23496827	3
23498166	1
23500865	7
23502577	12
23505879	33
23507679	8
23519370	14
23531530	11
23531743	2
23542298	1
23548623	10
23554488	1
23556724	2
23565243	1
23570030	18
23577702	4
23584264	1
23584277	1
23586059	31
23586111	19
23589986	4
23590241	2
23590442	32
23591416	57
23592505	24
23593594	15
23598286	5
23599994	1
23607424	8
23615527	1
23627382	18
23628046	19
23637153	2
23639316	2
23649904	19
23652126	33
23653453	10
23655239	3
23658480	1
23662236	23
23662959	53
23663301	7
23663746	3
23668497	2
23670712	1
23680678	2
23681676	4
23688496	2
23690791	8
23697674	112
23701001	1
23706000	3
23706552	24
23708376	31
23715715	11
23715842	41
23721352	17
23722234	1
23724212	1
23726651	1
23741839	17
23749172	1
23749387	5
23749927	8
23752193	32
23760859	18
23766683	9
23768977	5
23770421	66
23771350	13
23774298	28
23783874	2
23795232	1
23796073	6
23801241	7
23804476	13
23807586	3
23808195	1
23808509	1
23808542	1
23808557	1
23808585	1
23808616	1
23808620	1
23811389	6
23812315	1
23824120	1
23824208	1
23824298	1
23829125	12
23831045	2
23832429	62
23836598	8
23838217	15
23838815	13
23839256	166
23850207	3
23851195	7
23853482	2
23853939	1
23859769	11
23860591	1
23865131	17
23874177	7
23886834	1
23891194	16
23894441	8
23899906	4
23904562	10
23916614	38
23922823	4
23924195	2
23928410	5
23930639	4
23930671	44
23932530	23
23932603	41
23947795	10
23949017	3
23961092	31
23962994	8
23963315	2
23963494	2
23966397	22
23967160	4
23967495	3
23970077	3
23974149	10
23975176	20
23979014	35
23984796	1
23991437	24
23992530	40
24003138	14
24011030	29
24012813	1
24016302	6
24018946	2
24035169	2
24042727	31
24045085	2
24046239	2
24049450	2
24053165	30
24053422	3
24056426	3
24057378	12
24058166	3
24059140	4
24063576	14
24072579	1
24072993	1
24078097	12
24084730	9
24088847	21
24094603	2
24098803	1
24103357	10
24107001	1
24107214	2
24107628	2
24109199	4
24113512	18
24124373	17
24136735	13
24141268	19
24142061	1
24148723	2
24153637	4
24158368	16
24160074	2
24161015	3
24162061	1
24165519	6
24173597	12
24174754	3
24183121	7
24183312	14
24193383	4
24195339	145
24198103	20
24224646	3
24224685	5
24228029	1
24237211	4
24245238	2
24249043	1
24250009	657
24253493	5
24264880	3
24277431	9
24279940	5
24288213	1
24297650	1
24301169	29
24304103	1
24305907	1
24307610	7
24310646	1
24310719	16
24311594	6
24317699	32
24322390	42
24322737	24
24327512	1
24330295	3
24330320	6
24337612	125
24337873	14
24337989	1
24341073	4
24341273	1
24347632	1
24349480	16
24353303	12
24353466	36
24353917	5
24366861	15
24375939	1
24376854	2
24386993	59
24387730	5
24392063	1
24395109	2
24396831	11
24403473	7
24409378	2
24410210	1
24420506	14
24423869	9
24424126	49
24425665	40
24428594	9
24433756	77
24433842	5
24437980	1
24455580	1
24456714	1
24461919	6
24462046	1
24468283	2
24471201	19
24474126	5
24474138	4
24476882	11
24477982	3
24478752	1
24501920	5
24507006	1
24509399	1
24516823	2
24517284	1
24518180	16
24518232	2
24525868	19
24531144	2
24543517	2
24546880	9
24554806	19
24557021	56
24560304	5
24560307	17
24560345	1
24562688	1
24566021	1
24566191	5
24568713	28
24595444	2
24595604	54
24609401	6
24610319	10
24622111	29
24633503	33
24635052	2
24638380	4
24640725	42
24644769	43
24650339	1
24653381	2
24655114	6
24655329	8
24657821	2
24667579	3
24668894	1
24669372	29
24671734	3
24674411	4
24674939	50
24677392	2
24681231	1
24681398	2
24682167	18
24685617	2
24687254	56
24688603	8
24694338	1
24703136	82
24705939	67
24711400	1
24711589	3
24717917	1
24722002	1
24724170	3
24725587	6
24727800	6
24732433	58
24733374	25
24736064	14
24737132	1
24740176	19
24743630	2
24744635	32
24749463	1
24750302	9
24757641	4
24758457	7
24766967	15
24773666	11
24773826	1
24774658	2
24775791	4
24777832	10
24780804	1
24781644	75
24782902	8
24786813	3
24793076	11
24796059	24
24797553	2
24800517	2
24804430	1
24809835	5
24810492	17
24817474	2
24821847	2
24825619	7
24829371	6
24835814	13
24839939	1
24841340	14
24848102	2
24850617	2
24851989	8
24852387	5
24856010	1
24868516	12
24871990	11
24890158	3
24891617	1
24891661	11
24894211	2
24896510	4
24898177	7
24899166	14
24902146	1
24902957	1
24904921	8
24905898	2
24916087	3
24919409	2
24926745	43
24930665	1
24932432	1
24933148	2
24933326	3
24933814	5
24933949	4
24935033	1
24935177	1
24938485	14
24939417	42
24940582	6
24942721	1
24951510	9
24954215	1
24956772	1
24956982	4
24959925	24
24964446	1
24968227	32
24972258	30
24989901	1
24993138	1
24997096	3
24998407	5
24998719	110
25003905	12
25004372	6
25007160	2
25008788	11
25015456	14
25018307	1
25033055	20
25033964	1
25036206	1
25037004	16
25038616	2
25040362	16
25040658	13
25041371	36
25045183	4
25049768	3
25050844	19
25056419	30
25056806	13
25059625	17
25063362	2
25067518	8
25070885	2
25084719	3
25086193	2
25101274	2
25104780	11
25114359	12
25118538	5
25121303	1
25125602	2
25126616	17
25127914	1
25135037	6
25137524	1
25158154	35
25159454	20
25163509	10
25169249	42
25171650	2
25180795	1
25181584	11
25183328	16
25185119	14
25197244	2
25200087	20
25201748	3
25202650	15
25203883	25
25205317	4
25211849	1
25221636	37
25227902	23
25230524	50
25231002	2
25231213	2
25246591	3
25247707	5
25254780	2
25254798	2
25256202	21
25256330	1
25259399	12
25265236	14
25268704	7
25270902	6
25272170	1
25273785	45
25275777	2
25281621	1
25287195	1
25287736	36
25292731	4
25294136	3
25299470	1
25301488	22
25310522	8
25319462	9
25320424	1
25334511	25
25338826	3
25359717	1
25360437	1
25369506	15
25370072	40
25371175	8
25372499	3
25375276	12
25378793	33
25379390	1
25389703	17
25391393	1
25392092	7
25400090	16
25402940	92
25409402	1
25413882	1
25427817	5
25429168	2
25432664	1
25437986	11
25446835	2
25450714	21
25450824	1
25458038	2
25459400	2
25471643	1
25475668	1
25476601	4
25483417	8
25487089	27
25487327	5
25494195	2
25504233	5
25527782	34
25528375	29
25530339	19
25536883	1
25548089	18
25566711	4
25582637	4
25587126	1
25593739	2
25594400	12
25597974	12
25606869	1
25611422	23
25614922	1
25620908	1
25623941	2
25623942	4
25626799	2
25626871	1
25632546	78
25641205	4
25644327	2
25645329	1
25653072	3
25656802	17
25661073	1
25661154	12
25665137	40
25665766	1
25669119	1
25670446	8
25675902	1
25678869	1
25686301	10
25688387	2
25691817	13
25693425	1
25693728	1
25696504	3
25700350	1
25700734	7
25708760	1
25712211	9
25719782	1
25738703	4
25742807	4
25744099	29
25744696	5
25772214	1
25780780	2
25780987	11
25786960	4
25788279	1
25800128	3
25804514	4
25813166	26
25813353	4
25817866	23
25823670	1
25826611	3
25827088	15
25828473	3
25837003	1
25837286	1
25838185	55
25841126	6
25843055	1
25853125	1
25856630	3
25862592	1
25871447	1
25875083	2
25878242	1
25880891	2
25882103	1
25889694	5
25889802	5
25893186	1
25894747	3
25910583	3
25910709	3
25917795	6
25920236	34
25920723	8
25922479	4
25932645	3
25932978	13
25934037	14
25941674	1
25965625	18
25968648	5
25968851	1
25969533	3
25979437	2
25985972	2
25986389	4
25987473	6
25996549	3
25997031	25
26000061	1
26012331	2
26014013	1
26017508	14
26024622	28
26028641	46
26029589	25
26031265	2
26038110	29
26039547	2
26040124	4
26057138	34
26058799	1
26076338	8
26077653	1
26077654	1
26082983	19
26088488	2
26101808	11
26102180	1
26103010	26
26103098	56
26103664	2
26109545	18
26119309	4
26121818	108
26124079	12
26128264	6
26133979	133
26159299	1
26160744	1
26161892	5
26172294	44
26176918	11
26177397	1
26181278	8
26187497	2
26187525	1
26189434	12
26192117	1
26193547	1
26194169	1
26194951	78
26201720	1
26201730	3
26203986	66
26205980	27
26217535	4
26223243	1
26225592	5
26229585	7
26230481	5
26231745	2
26235996	1
26241846	4
26262349	3
26276168	6
26280126	4
26285120	31
26288209	19
26290096	4
26291234	22
26294263	3
26294277	3
26295345	12
26295349	2
26296658	3
26297305	1
26298709	1
26298801	1
26298804	1
26298809	1
26298815	1
26298818	1
26298821	1
26298833	1
26298841	1
26309788	7
26309799	5
26314357	2
26319440	1
26320215	1
26324661	47
26329214	1
26330652	1
26331131	6
26337322	1
26345191	2
26352090	7
26366770	16
26373485	3
26379718	7
26390088	4
26402582	3
26403221	4
26410737	4
26410803	12
26414468	4
26425838	1
26431840	1
26434490	3
26438422	10
26438848	4
26443394	2
26443666	3
26445130	4
26447717	4
26453840	7
26455740	10
26459635	2
26463368	1
26467698	12
26471379	1
26479833	2
26481364	1
26484267	1
26485693	2
26487064	2
26487641	9
26489909	1
26492586	10
26499478	2
26500561	6
26507037	18
26508381	35
26509179	28
26509369	2
26516210	88
26516867	1
26516869	1
26522552	2
26522697	1
26526876	5
26527058	16
26530409	35
26531387	1
26539394	2
26539744	2
26548520	15
26551529	61
26551652	1
26557412	3
26558202	15
26562374	1
26575078	1
26575260	6
26577862	15
26581931	1
26587584	1
26589934	2
26595340	19
26599920	2
26602131	48
26610130	1
26614516	6
26615042	9
26618765	3
26628954	14
26630982	4
26639809	1
26643625	2
26652340	1
26653348	20
26653684	1
26654097	1
26654807	10
26662893	2
26663749	109
26675859	2
26680464	4
26681387	9
26687986	1
26689951	4
26693758	1
26696168	2
26696267	2
26702968	76
26706381	3
26708471	6
26712042	3
26714505	1
26716567	4
26727748	12
26730195	42
26731726	1
26732453	7
26736928	12
26743142	2
26745548	3
26748658	13
26749455	7
26756293	5
26758825	40
26761691	12
26764547	21
26767408	2
26767942	3
26768275	3
26768336	38
26772455	1
26773740	11
26783295	49
26788257	9
26794684	1
26797139	4
26798421	59
26815515	8
26826032	76
26826692	11
26827924	1
26831060	24
26832780	1
26850420	2
26850443	11
26854025	2
26854649	14
26863129	7
26869437	4
26870034	201
26870831	2
26870928	1
26871007	33
26871523	12
26873807	1
26874394	1
26874532	50
26879361	1
26881394	3
26881765	7
26882846	14
26884886	2
26885972	1
26886183	7
26886551	12
26888339	1
26901774	5
26908976	15
26916085	25
26917568	3
26929642	4
26931359	121
26937603	41
26941088	1
26943603	22
26949287	5
26963583	48
26967517	1
26970115	30
26970604	1
26971627	2
26976456	2
26977863	1
26981720	1
26985599	4
26992363	1
26996744	3
27003508	1
27003795	8
27006066	2
27007136	1
27022210	1
27024702	29
27035647	1
27039181	1
27039826	2
27040851	1
27041020	1
27041025	1
27048117	7
27049479	2
27052762	2
27054264	1
27058156	1
27058328	8
27062675	1
27073414	24
27074464	29
27083837	1
27085821	4
27088364	17
27089284	19
27089359	32
27090510	3
27091760	8
27096151	6
27105154	11
27122804	8
27124520	40
27145735	2
27146169	1
27148891	1
27152891	1
27171162	65
27172716	1
27175121	36
27182637	2
27192539	30
27193779	23
27195864	4
27196756	2
27197763	1
27198149	4
27221107	3
27222491	2
27224789	1
27232969	1
27241469	3
27242935	1
27247535	24
27249479	2
27251099	1
27251463	8
27258744	1
27286452	1
27287788	49
27310067	2
27311720	3
27312396	5
27313681	79
27323779	2
27340186	1
27342322	7
27346661	1
27352490	17
27358084	2
27359780	34
27374183	14
27374238	10
27382163	3
27383462	4
27383798	2
27387287	2
27388642	3
27392543	3
27398446	1
27404191	1
27405567	1
27410275	33
27412259	3
27415685	94
27432101	1
27436450	38
27436800	1
27440142	15
27441121	36
27441508	6
27442967	11
27446716	5
27452807	140
27454562	1
27456226	17
27459467	3
27466548	2
27470349	2
27473387	1
27477457	2
27480700	1
27482640	3
27488848	19
27488963	1
27494663	3
27500243	9
27502619	1
27503825	3
27507850	7
27510315	7
27511599	1
27514711	1
27515613	28
27519800	3
27523092	3
27535396	4
27535965	6
27545696	115
27546098	73
27549019	32
27550292	21
27551693	2
27551774	2
27555776	1
27576132	7
27582804	1
27583674	16
27584093	1
27592490	1
27598583	12
27609596	3
27610253	28
27619584	1
27625425	2
27625438	35
27627407	27
27628865	6
27631673	140
27640677	1
27642283	9
27645128	1
27650355	13
27653621	1
27654303	19
27661570	26
27684398	2
27698159	1
27699683	66
27703983	5
27710155	5
27714504	2
27716248	8
27716553	1
27723379	3
27724512	1
27727916	10
27729116	7
27729880	6
27729907	1
27729926	2
27730883	8
27731269	4
27731966	2
27732028	1
27732479	3
27744828	2
27746301	5
27746341	25
27747508	7
27758092	7
27763442	3
27764811	5
27765622	63
27775666	18
27776551	7
27779913	28
27782596	1
27784785	5
27785546	16
27788471	3
27788951	1
27790033	1
27790443	11
27795112	1
27796788	21
27802833	1
27804716	2
27815832	3
27820618	2
27823188	10
27824636	10
27826359	4
27826728	1
27830346	25
27835638	1
27840184	33
27840307	8
27850085	35
27874380	2
27876171	2
27877173	1
27884585	2
27885612	2
27885801	9
27888295	1
27890669	2
27903721	1
27910564	7
27911088	9
27927984	19
27928238	1
27931142	1
27936087	5
27940263	40
27943640	8
27944397	1
27954927	4
27965134	3
27966694	3
27974526	2
27977987	2
27980281	8
27981533	13
27981808	3
27990160	2
27990251	1
27995806	9
28000838	6
28006285	1
28010520	1
28011326	4
28014525	16
28040758	7
28046339	1
28050478	9
28054380	3
28054492	1
28058560	33
28059353	2
28059374	1
28060246	6
28060688	4
28061353	1
28061676	2
28062377	2
28068726	5
28073153	2
28074962	1
28082853	1
28084642	3
28089885	19
28090700	2
28101522	8
28104084	3
28107852	12
28108305	21
28112474	21
28119786	2
28123883	1
28124429	2
28126416	34
28131018	4
28133905	4
28138406	2
28141386	23
28141388	1
28147949	19
28149027	13
28149409	2
28151709	3
28153163	1
28154320	2
28155823	5
28156066	21
28169736	16
28178928	2
28179339	3
28182521	29
28186324	8
28186451	13
28186507	4
28186592	8
28187338	13
28187929	1
28195272	13
28196690	3
28198595	2
28200583	3
28202609	22
28208222	1
28221116	3
28223616	9
28224373	1
28232337	1
28232663	6
28233590	1
28233924	7
28239298	1
28239455	54
28246472	4
28248872	45
28257573	3
28257836	5
28268588	5
28269754	21
28283593	147
28283932	3
28296767	2
28305374	8
28305425	29
28310991	1
28312534	1
28313768	20
28315131	2
28322529	5
28325739	1
28337396	1
28341355	11
28345053	16
28350534	5
28353284	2
28353322	10
28360868	33
28366058	4
28367476	1
28379187	10
28384386	2
28401521	60
28404370	3
28406657	4
28407613	1
28419663	11
28427311	1
28453253	2
28453733	226
28456615	5
28457823	61
28464320	1
28473628	1
28474637	3
28482346	24
28483712	1
28499921	2
28512514	1
28518679	90
28522972	1
28524244	1
28526952	4
28530868	2
28533537	1
28547391	11
28555606	31
28556914	2
28558604	4
28567703	3
28570113	1
28574623	1
28585874	2
28589709	1
28595879	2
28603227	1
28607452	2
28607958	1
28612154	1
28622882	21
28622961	7
28629518	3
28630778	35
28633742	2
28634263	71
28646041	27
28647218	2
28650038	1
28660348	3
28664922	31
28665556	3
28676110	1
28677072	15
28684150	3
28685529	4
28688657	4
28695436	1
28698446	19
28699769	6
28700900	3
28700914	10
28710753	4
28711005	4
28724827	7
28730928	22
28738447	23
28743601	1
28751632	1
28782747	2
28788055	1
28796010	1
28797787	1
28800891	2
28804670	3
28805028	15
28809173	18
28817135	25
28819218	1
28820362	10
28823015	3
28826050	2
28829187	8
28829212	1
28836678	3
28839373	4
28839817	3
28847653	12
28860345	5
28862683	27
28864313	91
28865026	22
28879227	1
28881630	14
28881692	1
28882452	17
28882767	9
28885266	2
28887613	1
28887852	3
28890185	2
28890371	2
28891085	1
28893470	1
28895195	6
28900548	5
28912393	5
28913584	2
28921936	5
28921939	3
28924109	2
28927963	26
28928522	4
28928917	16
28929339	63
28937998	6
28940127	1
28949681	29
28951223	1
28951925	2
28954234	3
28955570	2
28961590	1
28964289	1
28965387	18
28972792	1
28972854	12
28975347	2
28977089	1
28986110	41
28998004	8
29008402	10
29021828	1
29026137	3
29028775	10
29028889	2
29030781	6
29031987	8
29036740	1
29044844	2
29048891	5
29059102	1
29069174	76
29078997	9
29079907	1
29091156	1
29093018	1
29094509	1
29094765	1
29096746	62
29101258	4
29102547	1
29105270	61
29107539	8
29109209	5
29114266	2
29116601	1
29119125	30
29124001	5
29126334	37
29131296	22
29132110	3
29132312	7
29132770	1
29137950	20
29140945	27
29142071	2
29146289	13
29150668	17
29152941	1
29157870	8
29159012	21
29162693	44
29173740	7
29174627	1
29178282	3
29181709	23
29182167	19
29183527	34
29187878	2
29189503	6
29189765	2
29191309	1
29194887	1
29195280	7
29196628	3
29200449	1
29206040	21
29207621	10
29212157	2
29217138	12
29217912	1
29220290	12
29232820	2
29235385	2
29237849	8
29238981	4
29239000	2
29241814	6
29242638	7
29243773	21
29244300	9
29250115	26
29251733	110
29251742	105
29256180	11
29258811	2
29260601	1
29261058	1
29261473	2
29261868	45
29265238	5
29267754	1
29268051	35
29268631	17
29268739	1
29273568	1
29273803	27
29282066	13
29284501	1
29285893	6
29286224	2
29290473	1
29292392	35
29301872	1
29302186	2
29302791	9
29302922	8
29305294	1
29306978	4
29309276	9
29309557	7
29314835	25
29317658	40
29329884	1
29338627	40
29339645	4
29340227	29
29342484	2
29345564	1
29352569	62
29358744	3
29361660	8
29363579	8
29366386	8
29374766	1
29377344	13
29378455	43
29383909	2
29385710	1
29387738	1
29387790	2
29390209	1
29396735	1
29397711	1
29417074	1
29419958	2
29420074	1
29428253	1
29428344	10
29428721	1
29435316	8
29439342	2
29454455	8
29459213	6
29460579	1
29462085	9
29476400	7
29478177	8
29480053	55
29480568	7
29488328	14
29497314	17
29501260	13
29504192	3
29511948	5
29513149	1
29522350	2
29523080	2
29524362	7
29528352	2
29528579	28
29537009	1
29538104	21
29543139	2
29545557	1
29561741	17
29566286	48
29589268	34
29589577	9
29591602	2
29603014	8
29605369	32
29607348	1
29608496	4
29609157	13
29615409	4
29620400	17
29623856	44
29629333	10
29632751	4
29635934	3
29638969	48
29653587	17
29663479	1
29664276	7
29666334	41
29675401	49
29675417	7
29677279	8
29678255	3
29685535	1
29700396	17
29702213	41
29703871	1
29704274	3
29707775	3
29712916	17
29717930	1
29725718	5
29728912	1
29740360	76
29741510	5
29743986	2
29747946	2
29748109	6
29750222	1
29759522	2
29763346	1
29773174	1
29777381	1
29782198	3
29785421	1
29790707	23
29790927	1
29793740	1
29794055	1
29796344	9
29823614	5
29826717	1
29842231	1
29843361	4
29851193	34
29854750	16
29856568	3
29870621	35
29871122	2
29873130	2
29873202	5
29874861	15
29876751	5
29876931	15
29880501	1
29881173	13
29882024	10
29885398	2
29887499	12
29889288	50
29889831	2
29891188	5
29891418	1
29891455	7
29904622	1
29906208	11
29906215	22
29910697	1
29913496	8
29914867	1
29915222	1
29915977	20
29917715	9
29922066	3
29922838	23
29925401	4
29925961	50
29933736	33
29935622	1
29939014	18
29941808	7
29948156	2
29950228	4
29950629	9
29956340	1
29962877	5
29963591	4
29974735	10
29975788	4
29978343	1
29985633	13
29986727	5
29988055	30
29989592	2
29990068	3
29990086	1
29990778	6
29996513	2
29998842	5
30000170	3
30000252	25
30004057	1
30011774	2
30013496	10
30013849	1
30017715	1
30019026	9
30035812	13
30039066	4
30041719	4
30043131	3
30046830	45
30051348	16
30056447	2
30056468	2
30067547	32
30072701	4
30077162	1
30077269	1
30077419	1
30089538	33
30092893	4
30096470	62
30096826	9
30097746	1
30099680	5
30100099	7
30111335	2
30111875	4
30111877	1
30111969	11
30113785	2
30116248	1
30120110	3
30130809	1
30160313	11
30160680	6
30161665	7
30162008	19
30163039	3
30164806	2
30171828	3
30175039	84
30175916	1
30183477	1
30185757	49508
30197938	2
30198400	2
30199913	18
30206593	1
30208175	3
30210846	5
30212825	2
30212992	15
30213884	20
30214678	1
30215630	2
30216777	40
30216785	83
30216823	2
30228025	5
30229326	22
30232082	13
30237405	18
30238090	1
30239268	26
30240067	1
30242992	72
30244462	1
30247023	6
30247733	1
30252938	7
30253357	27
30260406	14
30281152	1
30288112	15
30288456	1
30288774	1
30290312	1
30291090	2
30296685	9
30308932	8
30310157	1
30310864	3
30313460	3
30314796	9
30316427	1
30320099	43
30322647	5
30325550	7
30330372	8
30333496	1
30347216	20
30350343	1
30353581	9
30359229	13
30362909	3
30370617	3
30374837	21
30378060	5
30379674	16
30382555	1
30388450	27
30388638	18
30390718	21
30404237	1
30405136	2
30410520	40
30416921	17
30418255	2
30419778	2
30420185	116
30423443	4
30424284	31
30426019	1
30430269	3
30431428	5
30432982	5
30440379	66
30449481	40
30459152	2
30459428	22
30467602	1
30484806	1
30489908	1
30494192	1
30498412	3
30501286	9
30521489	8
30524138	5
30525892	3
30530071	3
30532140	6
30533398	42
30538877	8
30539592	3
30541396	26
30552514	21
30556261	1
30561160	34
30561727	2
30562287	5
30564046	54
30565155	58
30566154	2
30566943	7
30574887	1
30578022	1
30579467	3
30586305	3
30589550	1
30594072	28
30594523	2
30595510	5
30598084	1
30598108	2
30601121	1
30604159	2
30609960	1
30610871	1
30622455	27
30622920	2
30627416	7
30631384	27
30634542	5
30641046	1
30641659	1
30648603	1
30649960	1
30651839	23
30652552	21
30653339	1
30655979	4
30656192	1
30656817	23
30657636	1
30657990	1
30658923	20
30662924	2
30672740	1
30677692	1
30704942	30
30706461	1
30710805	1
30711774	2
30719638	15
30720952	8
30722866	4
30751591	2
30753733	7
30758999	1
30760754	2
30767797	2
30771015	1
30772672	46
30787715	1
30791823	11
30799431	1
30804448	3
30808194	1
30808587	11
30816603	22
30822099	5
30822337	9
30831843	1
30837643	5
30841134	5
30842703	25
30865179	2
30869863	10
30875267	35
30876709	1
30876808	4
30880219	1
30883519	27
30883796	7
30884984	4
30886617	8
30887378	6
30887881	1
30890266	22
30892477	2
30895982	2
30896610	1
30898542	35
30902953	7
30903495	15
30904895	7
30917640	2
30921526	77
30922368	1
30923102	8
30924842	1
30925428	2
30930936	1
30935231	1
30936150	32
30940272	6
30958944	51
30959449	12
30964392	7
30967451	47
30968293	12
30976508	47
30981871	9
30985462	1
30985840	5
30988606	41
31000856	1
31006158	103
31009853	17
31017337	21
31018716	102
31028662	14
31032158	25
31035247	8
31038255	1
31038378	2
31039472	12
31046054	2
31054058	21
31064279	1
31066593	13
31068350	4
31068541	1
31070202	5
31071821	12
31074623	1
31075671	1
31077135	5
31086367	1
31089461	6
31114746	13
31119561	1
31124054	2
31129978	1
31145213	9
31150535	10
31150888	1
31164943	4
31167560	50
31169720	7
31171598	3
31193367	22
31203288	2
31207301	3
31207941	4
31208500	1
31210625	1
31211054	22
31211061	4
31215230	55
31216782	8
31217439	2
31221282	1
31235783	79
31244986	8
31249402	6
31256533	82
31260699	15
31260785	16
31260860	16
31261671	3
31267047	3
31270208	3
31270514	3
31272823	2
31275512	10
31285570	4
31285942	23
31288958	26
31292536	1
31293240	1
31293245	1
31296125	14
31305253	3
31305508	1
31309095	1
31312528	1
31313341	9
31315021	45
31315121	24
31315581	34
31316356	8
31320841	18
31322622	31
31323121	4
31323426	2
31331101	1
31335300	8
31342263	12
31351213	32
31363041	35
31376029	13
31378406	1
31378968	25
31379612	27
31379631	62
31382470	49
31384607	13
31385127	1
31385838	19
31391984	1
31399389	11
31399597	16
31404632	1
31404980	29
31406230	37
31409916	33
31423016	59
31432509	11
31440025	2
31440605	3
31445069	22
31449758	1
31455126	13
31456330	1
31477695	34
31478316	1
31489824	23
31492490	106
31494227	1
31494383	11
31504491	5
31506829	25
31518667	1
31524768	4
31528657	1
31530807	4
31533997	2
31536112	1
31544129	1
31549380	10
31550315	1
31551932	3
31556434	11
31579007	1
31586617	2
31589741	2
31590736	8
31592796	17
31595164	1
31596194	15
31596861	3
31606111	2
31606510	10
31609901	4
31617364	5
31624713	2
31625029	5
31632536	4
31646449	50
31656020	1
31659554	12
31661469	7
31663949	1
31668757	4
31670909	11
31672902	20
31678130	1
31678154	23
31679498	1
31680332	1
31681575	7
31700962	1
31720714	28
31733947	1
31737623	2
31737712	1
31746003	32
31751857	4
31754199	63
31764022	21
31764172	46
31773272	4
31777470	3
31782137	1
31785239	10
31785713	2
31795341	3
31795654	31
31804846	2
31810895	7
31811658	20
31814891	7
31819766	2
31829770	4
31830551	10
31845395	8
31849407	1
31856692	1
31866997	21
31869154	16
31871758	1
31901253	4
31902801	11
31907909	1
31911336	2
31912519	15
31917832	16
31918222	1
31919195	3
31921136	18
31925313	6
31930999	10
31936600	42
31941241	10
31942738	4
31964797	2
31974545	8
31976268	1
31976777	3
31979038	3
31981526	12
31985425	4
31994448	4
31997130	1
31999455	4
32020533	2
32021594	31
32022044	2
32026925	1
32027352	49
32031269	6
32032028	31
32043598	12
32045445	16
32051890	3
32066248	25
32066393	6
32069595	36
32084673	10
32091173	13
32095577	3
32096083	6
32096631	6
32098074	4
32104924	10
32105525	3
32105887	1
32106837	10
32110415	3
32122597	5
32128459	1
32129096	1
32131850	2
32140396	1
32144149	3
32146399	18
32148604	22
32153523	7
32155630	1
32156383	41
32162758	200
32163555	24
32164751	24
32166571	1
32166773	3
32169193	4
32169668	5
32177271	10
32197485	8
32201285	8
32201325	1
32202720	2
32204250	2
32207362	1
32211548	17
32214785	1
32217455	4
32219677	2
32224035	1
32225660	1
32231207	1
32232341	2
32238433	4
32247847	2
32249719	2
32269001	3
32271212	4
32284972	3
32290526	2
32298051	1
32313713	1
32317959	1
32320252	5
32321532	5
32324514	1
32324664	6
32330529	1
32334227	5
32337782	1
32344265	1
32345949	4
32346001	1
32376872	3
32381703	1
32386036	3
32388834	15
32392010	28
32392996	9
32394262	40
32394848	20971
32395793	4
32398083	9
32398965	1
32403249	2
32403967	2
32405591	7
32411368	24
32411454	6
32422113	1
32422808	1
32434683	3
32436741	1
32438240	1
32447747	11
32449981	5
32450069	21
32451122	1
32451549	131
32464563	6
32465472	1
32467098	1
32468051	1
32472065	1
32481543	5
32483484	3
32484381	2
32486778	4
32487763	3
32488688	1
32496778	1
32498704	2
32500265	4
32500369	14
32504509	5
32512635	20
32514669	1
32520034	4
32521417	24
32523542	7
32526744	7
32529252	5
32542624	20
32542977	4
32545743	11
32546897	1
32550106	1
32553922	1
32555425	1
32559905	2
32573437	15
32575663	3
32578467	4
32583868	75
32584444	3
32593630	33
32593928	4
32598942	14
32600951	2
32603842	32
32610203	1
32621856	26
32623844	4
32627766	1
32634405	4
32636176	58
32654500	24
32661937	1
32663725	2
32665964	2
32689932	46
32690936	5
32696793	1
32697425	6
32704748	2
32707129	1
32710456	11
32714897	12
32721618	6
32734884	58
32739388	36
32742922	7
32746219	2
32748072	1
32749778	1
32753016	2
32757227	7
32758266	2
32761091	6
32773265	1
32774942	2
32787174	4
32789259	3
32792088	2
32796067	30
32804992	1
32819225	2
32819266	3
32823958	18
32825584	1
32829432	14
32829630	1
32831821	1
32836701	1
32839544	3
32841259	3
32848140	3
32853405	1
32854024	43
32866454	1
32873313	1
32873485	22
32873631	1
32875627	2
32877020	1
32881914	1
32884975	8
32890693	3
32894178	15
32897760	1
32899264	7
32908944	10
32916096	95
32919066	15
32921053	1
32921736	1
32923449	57
32935674	5
32935706	187
32935729	169
32935745	47
32944298	5
32947292	5
32950120	3
32950650	5
32951397	1
32951609	6
32953007	33
32954411	1
32969220	6
32973467	3
32979234	1
32979266	30
32981459	23
32981525	3
32987989	2
32993622	3
32993709	23
32995588	3
32996313	4
32997039	1
32997061	4
32997564	12
32998261	3
32999152	164
33000337	1
33000490	4
33002889	17
33005433	3
33006732	21
33013917	2
33014811	1
33015583	3
33017149	3
33025729	1
33041393	1
33041722	1
33055929	3
33056374	1
33066062	4
33071776	1
33078138	42
33081860	34
33086103	5
33086805	86
33087133	1
33088691	10
33099290	14
33113096	2
33120052	2
33120392	3
33120453	59
33127716	13
33140918	2
33141100	4
33146693	92
33148320	41
33149177	17
33154212	6
33155818	1
33170944	3
33174074	1
33178339	29
33182993	38
33183004	11
33185377	18
33185433	2
33189478	1
33189733	24
33190852	9
33193812	1
33205137	1
33210754	3
33213527	20
33217151	17
33225164	15
33233148	2
33236143	7
33246127	19
33253174	2
33254196	1533
33256388	6
33257894	20
33258973	46
33263118	3
33264452	21
33265971	6
33293613	5
33305424	1
33314136	9
33323602	3
33324427	2
33327754	1
33336280	7
33338468	1
33339660	27
33354438	6
33357328	1
33360677	1
33361215	4
33367544	14
33369437	29
33373072	2
33376340	1
33382231	1
33389183	38
33391296	1
33396594	5
33401957	2
33407833	24
33415384	12
33421022	2
33426538	69
33435422	6
33442556	15
33455452	9
33458750	1
33464875	4
33467707	10
33468397	2
33470245	3
33483970	4
33486016	14
33489346	16
33494287	8
33500788	1
33506056	1
33507356	1
33508795	36
33515504	3
33525565	1
33529410	1
33530534	1
33535588	1
33539856	34
33541887	11
33557791	7
33559148	12
33560779	34
33562436	1
33569135	24
33570206	1
33574907	3
33577269	18
33578240	2
33585912	36
33600732	1
33603292	5
33605063	8
33605302	3
33614304	3
33619219	1
33630825	21
33632247	25
33634359	6
33634731	1
33635520	2
33635700	37
33639946	52
33649217	1
33653601	1
33659435	2
33659492	1
33664893	4
33666094	2
33668567	27
33671107	2
33672481	1
33678290	2
33682693	10
33684032	2
33684785	2
33684818	77
33684852	1
33685026	20
33686686	4
33687207	4
33690587	4
33692780	6
33705347	4
33707511	1
33717916	1
33718145	1
33719320	14
33721890	33
33722546	1
33724410	1
33724799	1
33725284	20
33729332	1
33729445	31
33732941	3
33733873	1
33740196	10
33740468	11
33745038	1
33745170	201
33745341	2
33755123	28
33755552	2
33757805	1
33762090	1
33765491	1
33766371	6
33768009	5
33770699	1
33781179	1
33784208	4
33784533	10
33787591	10
33789738	5
33791453	71
33791743	5
33796329	2
33822851	16
33823684	4
33829862	1
33851326	2
33857651	2
33866783	16
33870540	2
33872272	10
33872776	1
33880292	40
33884891	29
33888697	18
33889464	11
33890684	1
33895378	2
33897199	2
33903775	2
33907815	1
33911214	14
33914260	1
33916850	2
33917970	1
33920671	1
33920958	3
33928671	34
33933892	2
33934446	5
33935620	1
33935699	1
33936204	2
33947548	3
33955225	8
33957962	1
33965866	1
33966235	1
33982609	1
33985005	6
33994380	1
34000996	15
34002088	2
34006010	14
34007834	32
34008153	5
34010061	5
34012403	21
34014069	3
34021217	2
34022393	3
34023787	1
34024678	70
34027663	1
34037292	23
34039690	2
34044841	7
34046340	21
34050418	5
34056196	1
34062225	4
34077573	21
34098300	4
34105868	24
34119431	3
34119446	1
34120387	4
34122184	4
34122335	29
34122974	35
34129770	97
34136406	119
34138622	1
34139663	1
34150685	3
34161579	2
34163640	2
34170745	2
34179396	1
34181517	1
34197379	1
34205730	23
34214734	1
34223703	25
34224703	31
34225328	15
34225482	8
34225873	3
34225952	7
34226344	2
34226674	5
34229765	3
34229920	34
34230012	6
34230134	8
34230154	4
34230259	15
34230312	5
34230566	7
34230666	19
34230888	33
34232540	10
34232637	8
34232731	8
34232916	9
34232958	12
34233360	13
34233391	10
34233500	12
34233680	10
34237013	1
34248856	1
34262290	10
34264106	3
34268799	1
34275045	4
34275705	24
34279409	25
34282926	18
34289951	22
34293060	45
34294743	12
34313594	1
34334720	7
34338551	25
34340650	22
34344902	45
34348490	3
34351616	30
34353535	44
34356619	15
34356899	3
34357242	1
34358654	23
34359875	8
34383946	10
34387522	12
34389248	27
34392023	34
34396268	53
34404866	5
34407651	1
34409518	2
34413610	1
34461036	17
34464442	6
34464545	2
34465642	2
34469544	24
34478922	1
34510688	26
34515034	2
34526884	50
34542634	13
34543204	11
34546298	20
34549247	1
34552829	1
34579480	3
34579507	1
34586916	2
34588529	2
34602639	1
34610048	2
34613881	1
34613911	1
34613928	1
34613938	1
34623745	3
34624998	3
34626102	1
34628321	3
34641785	8
34644570	2
34654210	19
34654348	29
34659664	92
34660216	4
34668029	2
34668101	2
34668370	15
34673946	16
34674855	1
34678084	3
34686570	24
34687928	2
34689810	1
34704105	81
34725861	1564
34731455	1
34753721	11
34761715	3
34769044	1
34777095	13
34777562	5
34786289	32
34786903	1
34793094	21
34799858	1
34801867	1
34808241	40
34815006	1
34815037	11
34815647	1
34817922	23
34822474	12
34824538	7
34839383	27
34847907	4
34851284	32
34863478	13
34864402	1
34871138	3
34875681	6
34875777	2
34882260	5
34899242	1
34907666	1
34909549	41
34916677	50
34921116	5
34927706	38
34931316	1
34933072	3
34945600	1
34945778	8
34950583	3
34955357	30
34979578	1
34982189	41
34993481	1
35001420	4
35003822	1
35014743	1
35015112	1
35015510	42
35018396	4
35026969	2
35027026	1
35029011	68
35030215	24
35030283	2
35033450	1
35035252	7
35038011	1
35038415	11
35040362	1
35047072	1
35051490	58
35065114	2
35075268	23
35079964	34
35084888	7
35088430	2
35088538	17
35102223	10
35107131	2
35114205	58
35117428	12
35123886	1
35138604	1
35155595	4
35162817	14
35163301	3
35168789	1
35171002	2
35175824	1
35177076	1
35185578	32
35206972	13
35210580	3
35211188	5
35213370	3
35214502	25
35217675	1
35229304	9
35233736	22
35233843	10
35234698	1
35242228	14
35244385	1
35257631	4
35275064	1
35290187	5
35301048	1
35303752	1
35304390	14
35307583	28
35309137	1
35317492	1
35342587	13
35351010	4
35365803	30
35368384	2
35368469	7
35378524	28
35409090	2
35440649	49
35443111	3
35455703	1
35457404	3
35467512	11
35469223	41
35477331	1
35481491	25
35487094	30
35491426	1
35495094	22
35496971	50
35497990	59
35501081	1
35514054	1
35515707	3
35515847	2
35517126	2
35524468	1
35545853	37
35562367	6
35562993	2
35563024	74
35564394	5
35569321	9
35573493	1
35574796	1
35589720	1
35589848	1
35594963	2
35600361	5
35610806	1
35623373	11
35624459	7
35637132	16436
35637571	1
35639490	45
35640229	45
35640493	7
35653603	13
35662043	29
35677027	2
35683094	1
35692286	11
35694226	21
35707182	70
35721426	3
35725079	5
35726310	8
35726772	1
35732214	22
35739817	4
35748065	5
35766560	6
35775353	1
35777460	2
35778258	3
35780977	2
35791480	14
35810200	104
35812583	18
35820728	1
35822470	1
35827831	4
35829574	11
35831213	1
35849749	1
35859018	34
35866694	84
35870639	13
35887251	1
35900874	27
35914020	6
35923881	1
35963136	65
35968578	35
35978199	46
36010734	3
36019977	7
36048128	43
36050721	34
36050777	1
36057260	1
36057743	3
36059438	19
36060204	4
36065708	3
36069374	22
36069920	2
36072810	1
36074217	27
36080785	28
36081560	3
36100803	2
36102020	2
36114400	1
36115621	1
36163522	5
36196592	1
36197611	30
36204816	1
36215083	18
36219866	1
36228231	2
36231837	12
36232010	2
36236297	1
36280728	17
36289937	12
36291514	32
36296643	1
36297214	6
36299209	40
36299827	1
36305724	3
36311795	4
36314634	1
36316259	1
36335174	11
36335572	7
36337394	1
36349344	2
36363136	31
36367230	1
36371959	2
36373300	2
36373515	46
36393490	1
36398343	3
36405476	1
36423883	4
36449868	1
36450965	24
36454957	13
36463352	26
36489042	2
36489802	1
36495646	16
36510047	66
36521942	10
36522703	2
36534747	44
36535156	8
36535637	69
36543009	1
36570161	24
36580770	2
36606153	1
36611305	6
36611322	6
36632102	1
36633370	1
36661523	1
36664153	8
36670205	35
36674234	4
36675403	12
36685189	6
36723985	16
36732493	41
36737999	13
36747016	3
36753839	91
36754402	6
36758056	46
36763523	3
36781769	52
36787638	12
36788656	20
36799074	28
36800456	1
36803364	2
36804927	3
36816925	1
36817565	13
36821218	15
36825823	12
36827699	1
36836475	3
36840131	7
36852343	2
36859608	142
36871385	50
36876641	1
36903368	57
36914478	104
36915747	1
36930252	64
36952387	788
36960293	1
36960321	1
36963616	4
36970603	1
36972937	1
37000492	1
37038578	3
37060852	16
37069077	45
37074194	7
37074635	25
37075508	9
37078656	36
37079565	74
37081145	12
37085010	1
37087063	1
37104400	8
37128972	1
37136244	42
37146622	2
37148122	1
37158489	1
37188850	28
37206505	2
37214128	11
37246537	2
37272584	69
37272599	35
37291353	226
37314717	5
37316577	9
37330092	19
37340420	1
37342150	5
37343900	16
37344798	1
37346186	1
37366973	61
37370658	1
37372629	67
37379872	2
37393279	1
37412410	1
37426721	1
37448451	122
37450678	4
37454434	4
37459110	3
37484557	3
37489525	4
37503843	8
37526090	34
37527063	36
37552846	17
37572134	1
37579170	486
37579734	13
37580569	7
37587238	5
37598169	52
37606943	4
37611928	2
37620606	1
37620743	4
37626670	16
37635799	1
37636654	1
37674339	1
37690762	1
37691314	25
37695418	570
37724576	81
37730180	87
37730245	1
37732356	1
37743219	3
37743288	1
37744249	2
37748937	40
37791069	21
37793162	9
37793170	1
37829238	4
37830760	22
37834277	35
37845932	22
37849969	16
37860317	3
37865918	1
37887426	1
37888362	1
37906580	10
37907177	97
37919514	3
37927712	1
37931301	48
37934493	1
37934828	1
37943581	1
37954750	4
37974276	4
37981070	9
37987406	23
37988993	44
37989794	1
38003518	1
38024515	1
38052207	4
38076603	22
38097216	75
38098982	51
38130179	5
38174398	2
38203514	1
38231992	2
38232091	39
38242554	4
38250483	2
38256238	1
38261575	2
38278075	1
38290488	1
38298912	21
38302322	15
38304949	8
38311906	38
38315839	35
38325182	26
38329408	4
38330224	1
38333430	2
38335220	3
38365864	1
38381661	23
38394792	36
38424805	6
38424833	20
38424930	24
38428276	40
38431516	4
38450589	11
38455327	3
38469272	1
38478729	9
38488726	16
38503844	4
38532733	4
38558529	1
38580932	4
38593343	2
38594127	3
38601676	1
38612632	49
38640192	8
38647818	14
38649799	21
38681817	8
38684649	6
38690092	4
38723557	2
38728371	1
38734913	1
38737233	20
38754674	1
38764029	2
38769717	1
38784594	26
38785987	1
38794346	5
38797396	39
38803637	107
38829639	20
38850650	9
38850934	33
38867740	43
38881941	29
38882107	2
38887726	6
38902790	1
38906603	74
38921947	1
38939452	1
38965658	1
38970971	27
38988114	1
39002055	2
39040138	2
39045696	1
39064095	3
39092499	16
39098801	11
39099954	2
39100248	1
39105835	1
39127839	16
39127874	3
39152554	45
39154133	3
39176669	39
39178161	2
39182755	3
39211337	4
39214504	1
39237460	16
39243093	11
39303315	27
39316027	9
39316768	1
39329346	1
39330879	1
39335548	1
39350720	1
39368384	14
39382076	2
39383570	24
39420265	2
39431147	1
39443258	175
39468251	14
39474677	1
39487546	32
39504796	46
39523495	1
39528685	1
39578113	2
39651750	5
39700697	1
39703674	6
39708674	1
39766308	7
39773026	40
39776208	5
39812341	30
39968888	1
39980597	747
